+--------------------------------------------+
| NP.MINIMUM(32 * EDT(255 - WORLD_MAP), 255) |
+--------------------------------------------+

255. 255. 255. 255. 255. 255. 255. 255. 255. 255.    255.    255.    255.    255.    255.    255.    255. 255. 255. 255. 255. 255.    255.    255.     255.    255.    255.    255.    255. 255. 255. 255. 255. 255. 255. 255. 255.
255. 255. 255. 255. 255. 255. 255. 255. 255. 255.    255.    255.    255.    255.    255.    255.    255. 255. 255. 255. 255. 255.    255.    255.     255.    255.    255.    255.    255. 255. 255. 255. 255. 255. 255. 255. 255.
255. 255. 255. 255. 255. 255. 255. 255. 255. 255.    255.    255.    255.    255.    255.    255.    255. 255. 255. 255. 255. 255.    255.    255.     255.    255.    255.    255.    255. 255. 255. 255. 255. 255. 255. 255. 255.
255. 255. 255. 255. 255. 255. 255. 255. 255. 255.    255.    255.    255.    255.    255.    255.    255. 255. 255. 255. 255. 255.    255.    255.     255.    255.    255.    255.    255. 255. 255. 255. 255. 255. 255. 255. 255.
255. 255. 255. 255. 255. 255. 255. 255. 255. 255.    255.    255.    255.    255.    255.    255.    255. 255. 255. 255. 255. 255.    255.    255.     255.    255.    255.    255.    255. 255. 255. 255. 255. 255. 255. 255. 255.
255. 255. 255. 255. 255. 255. 255. 255. 255. 255.    255.    255.    255.    255.    255.    255.    255. 255. 255. 255. 255. 255.    255.    255.     255.    255.    255.    255.    255. 255. 255. 255. 255. 255. 255. 255. 255.
255. 255. 255. 255. 255. 255. 255. 255. 255. 255.    255.    255.    255.    255.    255.    255.    255. 255. 255. 255. 255. 255.    255.    255.     255.    255.    255.    255.    255. 255. 255. 255. 255. 255. 255. 255. 255.
255. 255. 255. 255. 255. 255. 255. 255. 255. 255.    255.    255.    255.    255.    255.    255.    255. 255. 255. 255. 255. 255.    255.    255.     255.    255.    255.    255.    255. 255. 255. 255. 255. 255. 255. 255. 255.
255. 255. 255. 255. 255. 255. 255. 255. 255. 255.    255.    255.    255.    255.    255.    255.    255. 255. 255. 255. 255. 255.    255.    255.     255.    255.    255.    255.    255. 255. 255. 255. 255. 255. 255. 255. 255.
255. 255. 255. 255. 255. 255. 255. 255. 255. 255.    255.    255.    255.    243.705 232.964 226.274 224. 224. 224. 224. 224. 226.274 232.964 243.705  255.    255.    255.    255.    255. 255. 255. 255. 255. 255. 255. 255. 255.
255. 255. 255. 255. 255. 255. 255. 255. 255. 255.    255.    249.928 230.755 214.663 202.386 194.648 192. 192. 192. 192. 192. 194.648 202.386 214.663  230.755 249.928 255.    255.    255. 255. 255. 255. 255. 255. 255. 255. 255.
255. 255. 255. 255. 255. 255. 255. 255. 255. 255.    249.928 226.274 204.9   186.59  172.325 163.169 160. 160. 160. 160. 160. 163.169 172.325 186.59   204.9   226.274 249.928 255.    255. 255. 255. 255. 255. 255. 255. 255. 255.
255. 255. 255. 255. 255. 255. 255. 255. 255. 255.    230.755 204.9   181.019 160.    143.108 131.939 128. 128. 128. 128. 128. 131.939 143.108 160.     181.019 204.9   230.755 255.    255. 255. 255. 255. 255. 255. 255. 255. 255.
255. 255. 255. 255. 255. 255. 255. 255. 255. 243.705 214.663 186.59  160.    135.765 115.378 101.193  96.  96.  96.  96.  96. 101.193 115.378 135.765  160.    186.59  214.663 243.705 255. 255. 255. 255. 255. 255. 255. 255. 255.
255. 255. 255. 255. 255. 255. 255. 255. 255. 232.964 202.386 172.325 143.108 115.378  90.51   71.554  64.  64.  64.  64.  64.  71.554  90.51  115.378  143.108 172.325 202.386 232.964 255. 255. 255. 255. 255. 255. 255. 255. 255.
255. 255. 255. 255. 255. 255. 255. 255. 255. 226.274 194.648 163.169 131.939 101.193  71.554  45.255  32.  32.  32.  32.  32.  45.255  71.554 101.193  131.939 163.169 194.648 226.274 255. 255. 255. 255. 255. 255. 255. 255. 255.
255. 255. 255. 255. 255. 255. 255. 255. 255. 224.    192.    160.    128.     96.     64.     32.      0.   0.   0.   0.   0.  32.     64.     96.     128.    160.    192.    224.    255. 255. 255. 255. 255. 255. 255. 255. 255.
255. 255. 255. 255. 255. 255. 255. 255. 255. 224.    192.    160.    128.     96.     64.     32.      0.   0.   0.   0.   0.  32.     64.     96.     128.    160.    192.    224.    255. 255. 255. 255. 255. 255. 255. 255. 255.
255. 255. 255. 255. 255. 255. 255. 255. 255. 224.    192.    160.    128.     96.     64.     32.      0.   0.   0.   0.   0.  32.     64.     96.     128.    160.    192.    224.    255. 255. 255. 255. 255. 255. 255. 255. 255.
255. 255. 255. 255. 255. 255. 255. 255. 255. 224.    192.    160.    128.     96.     64.     32.      0.   0.   0.   0.   0.  32.     64.     96.     128.    160.    192.    224.    255. 255. 255. 255. 255. 255. 255. 255. 255.
255. 255. 255. 255. 255. 255. 255. 255. 255. 224.    192.    160.    128.     96.     64.     32.      0.   0.   0.   0.   0.  32.     64.     96.     128.    160.    192.    224.    255. 255. 255. 255. 255. 255. 255. 255. 255.
255. 255. 255. 255. 255. 255. 255. 255. 255. 226.274 194.648 163.169 131.939 101.193  71.554  45.255  32.  32.  32.  32.  32.  45.255  71.554 101.193  131.939 163.169 194.648 226.274 255. 255. 255. 255. 255. 255. 255. 255. 255.
255. 255. 255. 255. 255. 255. 255. 255. 255. 232.964 202.386 172.325 143.108 115.378  90.51   71.554  64.  64.  64.  64.  64.  71.554  90.51  115.378  143.108 172.325 202.386 232.964 255. 255. 255. 255. 255. 255. 255. 255. 255.
255. 255. 255. 255. 255. 255. 255. 255. 255. 243.705 214.663 186.59  160.    135.765 115.378 101.193  96.  96.  96.  96.  96. 101.193 115.378 135.765  160.    186.59  214.663 243.705 255. 255. 255. 255. 255. 255. 255. 255. 255.
255. 255. 255. 255. 255. 255. 255. 255. 255. 255.    230.755 204.9   181.019 160.    143.108 131.939 128. 128. 128. 128. 128. 131.939 143.108 160.     181.019 204.9   230.755 255.    255. 255. 255. 255. 255. 255. 255. 255. 255.
255. 255. 255. 255. 255. 255. 255. 255. 255. 255.    249.928 226.274 204.9   186.59  172.325 163.169 160. 160. 160. 160. 160. 163.169 172.325 186.59   204.9   226.274 249.928 255.    255. 255. 255. 255. 255. 255. 255. 255. 255.
255. 255. 255. 255. 255. 255. 255. 255. 255. 255.    255.    249.928 230.755 214.663 202.386 194.648 192. 192. 192. 192. 192. 194.648 202.386 214.663  230.755 249.928 255.    255.    255. 255. 255. 255. 255. 255. 255. 255. 255.
255. 255. 255. 255. 255. 255. 255. 255. 255. 255.    255.    255.    255.    243.705 232.964 226.274 224. 224. 224. 224. 224. 226.274 232.964 243.705  255.    255.    255.    255.    255. 255. 255. 255. 255. 255. 255. 255. 255.
255. 255. 255. 255. 255. 255. 255. 255. 255. 255.    255.    255.    255.    255.    255.    255.    255. 255. 255. 255. 255. 255.    255.    255.     255.    255.    255.    255.    255. 255. 255. 255. 255. 255. 255. 255. 255.
255. 255. 255. 255. 255. 255. 255. 255. 255. 255.    255.    255.    255.    255.    255.    255.    255. 255. 255. 255. 255. 255.    255.    255.     255.    255.    255.    255.    255. 255. 255. 255. 255. 255. 255. 255. 255.
255. 255. 255. 255. 255. 255. 255. 255. 255. 255.    255.    255.    255.    255.    255.    255.    255. 255. 255. 255. 255. 255.    255.    255.     255.    255.    255.    255.    255. 255. 255. 255. 255. 255. 255. 255. 255.
255. 255. 255. 255. 255. 255. 255. 255. 255. 255.    255.    255.    255.    255.    255.    255.    255. 255. 255. 255. 255. 255.    255.    255.     255.    255.    255.    255.    255. 255. 255. 255. 255. 255. 255. 255. 255.
255. 255. 255. 255. 255. 255. 255. 255. 255. 255.    255.    255.    255.    255.    255.    255.    255. 255. 255. 255. 255. 255.    255.    255.     255.    255.    255.    255.    255. 255. 255. 255. 255. 255. 255. 255. 255.
255. 255. 255. 255. 255. 255. 255. 255. 255. 255.    255.    255.    255.    255.    255.    255.    255. 255. 255. 255. 255. 255.    255.    255.     255.    255.    255.    255.    255. 255. 255. 255. 255. 255. 255. 255. 255.
255. 255. 255. 255. 255. 255. 255. 255. 255. 255.    255.    255.    255.    255.    255.    255.    255. 255. 255. 255. 255. 255.    255.    255.     255.    255.    255.    255.    255. 255. 255. 255. 255. 255. 255. 255. 255.
255. 255. 255. 255. 255. 255. 255. 255. 255. 255.    255.    255.    255.    255.    255.    255.    255. 255. 255. 255. 255. 255.    255.    255.     255.    255.    255.    255.    255. 255. 255. 255. 255. 255. 255. 255. 255.
255. 255. 255. 255. 255. 255. 255. 255. 255. 255.    255.    255.    255.    255.    255.    255.    255. 255. 255. 255. 255. 255.    255.    255.     255.    255.    255.    255.    255. 255. 255. 255. 255. 255. 255. 255. 255.
