+---------------------------------------------------------------------------------------+
| (255 - NP.MINIMUM( 8 * EDT(255 - WORLD_MAP), 255)) * (255/(MAX(NP.MAX(WORLD_MAP), 1)))|
+---------------------------------------------------------------------------------------+

 73  79  84  90  95  99 104 108 111 115 118 120 123 124 126 126 127 127 127 127 127 126 126 124 123 120 118 115 111 108 104  99  95  90  84  79  73
 79  85  90  96 101 106 110 115 119 122 125 128 130 132 133 134 135 135 135 135 135 134 133 132 130 128 125 122 119 115 110 106 101  96  90  85  79
 84  90  96 102 107 112 117 121 126 129 133 136 138 140 141 142 143 143 143 143 143 142 141 140 138 136 133 129 126 121 117 112 107 102  96  90  84
 90  96 102 107 113 118 123 128 132 136 140 143 146 148 149 150 151 151 151 151 151 150 149 148 146 143 140 136 132 128 123 118 113 107 102  96  90
 95 101 107 113 119 124 130 135 139 143 147 151 153 156 157 158 159 159 159 159 159 158 157 156 153 151 147 143 139 135 130 124 119 113 107 101  95
 99 106 112 118 124 130 136 141 146 150 154 158 161 163 165 166 167 167 167 167 167 166 165 163 161 158 154 150 146 141 136 130 124 118 112 106  99
104 110 117 123 130 136 141 147 152 157 161 165 168 171 173 174 175 175 175 175 175 174 173 171 168 165 161 157 152 147 141 136 130 123 117 110 104
108 115 121 128 135 141 147 153 158 163 168 172 176 179 181 182 183 183 183 183 183 182 181 179 176 172 168 163 158 153 147 141 135 128 121 115 108
111 119 126 132 139 146 152 158 164 169 175 179 183 186 189 190 191 191 191 191 191 190 189 186 183 179 175 169 164 158 152 146 139 132 126 119 111
115 122 129 136 143 150 157 163 169 175 181 186 190 194 196 198 199 199 199 199 199 198 196 194 190 186 181 175 169 163 157 150 143 136 129 122 115
118 125 133 140 147 154 161 168 175 181 187 192 197 201 204 206 207 207 207 207 207 206 204 201 197 192 187 181 175 168 161 154 147 140 133 125 118
120 128 136 143 151 158 165 172 179 186 192 198 203 208 211 214 215 215 215 215 215 214 211 208 203 198 192 186 179 172 165 158 151 143 136 128 120
123 130 138 146 153 161 168 176 183 190 197 203 209 215 219 222 223 223 223 223 223 222 219 215 209 203 197 190 183 176 168 161 153 146 138 130 123
124 132 140 148 156 163 171 179 186 194 201 208 215 221 226 229 231 231 231 231 231 229 226 221 215 208 201 194 186 179 171 163 156 148 140 132 124
126 133 141 149 157 165 173 181 189 196 204 211 219 226 232 237 239 239 239 239 239 237 232 226 219 211 204 196 189 181 173 165 157 149 141 133 126
126 134 142 150 158 166 174 182 190 198 206 214 222 229 237 243 247 247 247 247 247 243 237 229 222 214 206 198 190 182 174 166 158 150 142 134 126
127 135 143 151 159 167 175 183 191 199 207 215 223 231 239 247 255 255 255 255 255 247 239 231 223 215 207 199 191 183 175 167 159 151 143 135 127
127 135 143 151 159 167 175 183 191 199 207 215 223 231 239 247 255 255 255 255 255 247 239 231 223 215 207 199 191 183 175 167 159 151 143 135 127
127 135 143 151 159 167 175 183 191 199 207 215 223 231 239 247 255 255 255 255 255 247 239 231 223 215 207 199 191 183 175 167 159 151 143 135 127
127 135 143 151 159 167 175 183 191 199 207 215 223 231 239 247 255 255 255 255 255 247 239 231 223 215 207 199 191 183 175 167 159 151 143 135 127
127 135 143 151 159 167 175 183 191 199 207 215 223 231 239 247 255 255 255 255 255 247 239 231 223 215 207 199 191 183 175 167 159 151 143 135 127
126 134 142 150 158 166 174 182 190 198 206 214 222 229 237 243 247 247 247 247 247 243 237 229 222 214 206 198 190 182 174 166 158 150 142 134 126
126 133 141 149 157 165 173 181 189 196 204 211 219 226 232 237 239 239 239 239 239 237 232 226 219 211 204 196 189 181 173 165 157 149 141 133 126
124 132 140 148 156 163 171 179 186 194 201 208 215 221 226 229 231 231 231 231 231 229 226 221 215 208 201 194 186 179 171 163 156 148 140 132 124
123 130 138 146 153 161 168 176 183 190 197 203 209 215 219 222 223 223 223 223 223 222 219 215 209 203 197 190 183 176 168 161 153 146 138 130 123
120 128 136 143 151 158 165 172 179 186 192 198 203 208 211 214 215 215 215 215 215 214 211 208 203 198 192 186 179 172 165 158 151 143 136 128 120
118 125 133 140 147 154 161 168 175 181 187 192 197 201 204 206 207 207 207 207 207 206 204 201 197 192 187 181 175 168 161 154 147 140 133 125 118
115 122 129 136 143 150 157 163 169 175 181 186 190 194 196 198 199 199 199 199 199 198 196 194 190 186 181 175 169 163 157 150 143 136 129 122 115
111 119 126 132 139 146 152 158 164 169 175 179 183 186 189 190 191 191 191 191 191 190 189 186 183 179 175 169 164 158 152 146 139 132 126 119 111
108 115 121 128 135 141 147 153 158 163 168 172 176 179 181 182 183 183 183 183 183 182 181 179 176 172 168 163 158 153 147 141 135 128 121 115 108
104 110 117 123 130 136 141 147 152 157 161 165 168 171 173 174 175 175 175 175 175 174 173 171 168 165 161 157 152 147 141 136 130 123 117 110 104
 99 106 112 118 124 130 136 141 146 150 154 158 161 163 165 166 167 167 167 167 167 166 165 163 161 158 154 150 146 141 136 130 124 118 112 106  99
 95 101 107 113 119 124 130 135 139 143 147 151 153 156 157 158 159 159 159 159 159 158 157 156 153 151 147 143 139 135 130 124 119 113 107 101  95
 90  96 102 107 113 118 123 128 132 136 140 143 146 148 149 150 151 151 151 151 151 150 149 148 146 143 140 136 132 128 123 118 113 107 102  96  90
 84  90  96 102 107 112 117 121 126 129 133 136 138 140 141 142 143 143 143 143 143 142 141 140 138 136 133 129 126 121 117 112 107 102  96  90  84
 79  85  90  96 101 106 110 115 119 122 125 128 130 132 133 134 135 135 135 135 135 134 133 132 130 128 125 122 119 115 110 106 101  96  90  85  79
 73  79  84  90  95  99 104 108 111 115 118 120 123 124 126 126 127 127 127 127 127 126 126 124 123 120 118 115 111 108 104  99  95  90  84  79  73
