+--------------------------------------------------+
| 255 - NP.MINIMUM(16 * EDT(255 - WORLD_MAP), 255) |
+--------------------------------------------------+

0.       0.       0.       0.       0.       0.       0.       0.      0.       0.       0.       0.       0.       0.       0.       0.        0.       0.       0.       0.       0.       0.       0.       0.        0.       0.       0.       0.       0.       0.       0.       0.     0.       0.       0.       0.       0.
0.       0.       0.       0.       0.       0.       0.       0.      0.       0.       0.       2.018    6.613   10.247   12.876   14.467    15.      15.      15.      15.      15.      14.467   12.876   10.247     6.613    2.018    0.       0.       0.       0.       0.       0.     0.       0.       0.       0.       0.
0.       0.       0.       0.       0.       0.       0.       0.      0.       4.56    11.295   17.143   22.036   25.915   28.726   30.429    31.      31.      31.      31.      31.      30.429   28.726   25.915    22.036   17.143   11.295    4.56     0.       0.       0.       0.     0.       0.       0.       0.       0.
0.       0.       0.       0.       0.       0.       0.       2.018  10.771   18.763   25.915   32.146   37.376   41.533   44.553   46.386    47.      47.      47.      47.      47.      46.386   44.553   41.533    37.376   32.146   25.915   18.763   10.771    2.018    0.       0.     0.       0.       0.       0.       0.
0.       0.       0.       0.       0.       0.       5.072   15.     24.245   32.721   40.337   47.      52.614   57.091   60.352   62.334    63.      63.      63.      63.      63.      62.334   60.352   57.091    52.614   47.      40.337   32.721   24.245   15.       5.072    0.     0.       0.       0.       0.       0.
0.       0.       0.       0.       0.       6.098   17.143   27.597  37.376   46.386   54.521   61.671   67.725   72.572   76.115   78.274    79.      79.      79.      79.      79.      78.274   76.115   72.572    67.725   61.671   54.521   46.386   37.376   27.597   17.143    6.098  0.       0.       0.       0.       0.
0.       0.       0.       0.       5.072   17.143   28.726   39.742  50.1     59.695   68.41    76.115   82.675   87.955   91.831   94.202    95.      95.      95.      95.      95.      94.202   91.831   87.955    82.675   76.115   68.41    59.695   50.1     39.742   28.726   17.143  5.072    0.       0.       0.       0.
0.       0.       0.       2.018   15.      27.597   39.742   51.353  62.334   72.572   81.934   90.27    97.418  103.211  107.487  110.114   111.     111.     111.     111.     111.     110.114  107.487  103.211    97.418   90.27    81.934   72.572   62.334   51.353   39.742   27.597 15.       2.018    0.       0.       0.
0.       0.       0.      10.771   24.245   37.376   50.1     62.334  73.981   84.918   95.     104.056  111.892  118.296  123.061  126.004   127.     127.     127.     127.     127.     126.004  123.061  118.296   111.892  104.056   95.      84.918   73.981   62.334   50.1     37.376 24.245   10.771    0.       0.       0.
0.       0.       4.56    18.763   32.721   46.386   59.695   72.572  84.918   96.608  107.487  117.363  126.004  133.148  138.518  141.863   143.     143.     143.     143.     143.     141.863  138.518  133.148   126.004  117.363  107.487   96.608   84.918   72.572   59.695   46.386 32.721   18.763    4.56     0.       0.
0.       0.      11.295   25.915   40.337   54.521   68.41    81.934  95.     107.487  119.235  130.036  139.622  147.669  153.807  157.676   159.     159.     159.     159.     159.     157.676  153.807  147.669   139.622  130.036  119.235  107.487   95.      81.934   68.41    54.521 40.337   25.915   11.295    0.       0.
0.       2.018   17.143   32.146   47.      61.671   76.115   90.27  104.056  117.363  130.036  141.863  152.55   161.705  168.837  173.416   175.     175.     175.     175.     175.     173.416  168.837  161.705   152.55   141.863  130.036  117.363  104.056   90.27    76.115   61.671 47.      32.146   17.143    2.018    0.
0.       6.613   22.036   37.376   52.614   67.725   82.675   97.418 111.892  126.004  139.622  152.55   164.49   175.     183.446  189.03    191.     191.     191.     191.     191.     189.03   183.446  175.      164.49   152.55   139.622  126.004  111.892   97.418   82.675   67.725 52.614   37.376   22.036    6.613    0.
0.      10.247   25.915   41.533   57.091   72.572   87.955  103.211 118.296  133.148  147.669  161.705  175.     187.118  197.311  204.404   207.     207.     207.     207.     207.     204.404  197.311  187.118   175.     161.705  147.669  133.148  118.296  103.211   87.955   72.572 57.091   41.533   25.915   10.247    0.
0.      12.876   28.726   44.553   60.352   76.115   91.831  107.487 123.061  138.518  153.807  168.837  183.446  197.311  209.745  219.223   223.     223.     223.     223.     223.     219.223  209.745  197.311   183.446  168.837  153.807  138.518  123.061  107.487   91.831   76.115 60.352   44.553   28.726   12.876    0.
0.      14.467   30.429   46.386   62.334   78.274   94.202  110.114 126.004  141.863  157.676  173.416  189.03   204.404  219.223  232.373   239.     239.     239.     239.     239.     232.373  219.223  204.404   189.03   173.416  157.676  141.863  126.004  110.114   94.202   78.274 62.334   46.386   30.429   14.467    0.
0.      15.      31.      47.      63.      79.      95.     111.    127.     143.     159.     175.     191.     207.     223.     239.      255.     255.     255.     255.     255.     239.     223.     207.      191.     175.     159.     143.     127.     111.      95.      79.    63.      47.      31.      15.       0.
0.      15.      31.      47.      63.      79.      95.     111.    127.     143.     159.     175.     191.     207.     223.     239.      255.     255.     255.     255.     255.     239.     223.     207.      191.     175.     159.     143.     127.     111.      95.      79.    63.      47.      31.      15.       0.
0.      15.      31.      47.      63.      79.      95.     111.    127.     143.     159.     175.     191.     207.     223.     239.      255.     255.     255.     255.     255.     239.     223.     207.      191.     175.     159.     143.     127.     111.      95.      79.    63.      47.      31.      15.       0.
0.      15.      31.      47.      63.      79.      95.     111.    127.     143.     159.     175.     191.     207.     223.     239.      255.     255.     255.     255.     255.     239.     223.     207.      191.     175.     159.     143.     127.     111.      95.      79.    63.      47.      31.      15.       0.
0.      15.      31.      47.      63.      79.      95.     111.    127.     143.     159.     175.     191.     207.     223.     239.      255.     255.     255.     255.     255.     239.     223.     207.      191.     175.     159.     143.     127.     111.      95.      79.    63.      47.      31.      15.       0.
0.      14.467   30.429   46.386   62.334   78.274   94.202  110.114 126.004  141.863  157.676  173.416  189.03   204.404  219.223  232.373   239.     239.     239.     239.     239.     232.373  219.223  204.404   189.03   173.416  157.676  141.863  126.004  110.114   94.202   78.274 62.334   46.386   30.429   14.467    0.
0.      12.876   28.726   44.553   60.352   76.115   91.831  107.487 123.061  138.518  153.807  168.837  183.446  197.311  209.745  219.223   223.     223.     223.     223.     223.     219.223  209.745  197.311   183.446  168.837  153.807  138.518  123.061  107.487   91.831   76.115 60.352   44.553   28.726   12.876    0.
0.      10.247   25.915   41.533   57.091   72.572   87.955  103.211 118.296  133.148  147.669  161.705  175.     187.118  197.311  204.404   207.     207.     207.     207.     207.     204.404  197.311  187.118   175.     161.705  147.669  133.148  118.296  103.211   87.955   72.572 57.091   41.533   25.915   10.247    0.
0.       6.613   22.036   37.376   52.614   67.725   82.675   97.418 111.892  126.004  139.622  152.55   164.49   175.     183.446  189.03    191.     191.     191.     191.     191.     189.03   183.446  175.      164.49   152.55   139.622  126.004  111.892   97.418   82.675   67.725 52.614   37.376   22.036    6.613    0.
0.       2.018   17.143   32.146   47.      61.671   76.115   90.27  104.056  117.363  130.036  141.863  152.55   161.705  168.837  173.416   175.     175.     175.     175.     175.     173.416  168.837  161.705   152.55   141.863  130.036  117.363  104.056   90.27    76.115   61.671 47.      32.146   17.143    2.018    0.
0.       0.      11.295   25.915   40.337   54.521   68.41    81.934  95.     107.487  119.235  130.036  139.622  147.669  153.807  157.676   159.     159.     159.     159.     159.     157.676  153.807  147.669   139.622  130.036  119.235  107.487   95.      81.934   68.41    54.521 40.337   25.915   11.295    0.       0.
0.       0.       4.56    18.763   32.721   46.386   59.695   72.572  84.918   96.608  107.487  117.363  126.004  133.148  138.518  141.863   143.     143.     143.     143.     143.     141.863  138.518  133.148   126.004  117.363  107.487   96.608   84.918   72.572   59.695   46.386 32.721   18.763    4.56     0.       0.
0.       0.       0.      10.771   24.245   37.376   50.1     62.334  73.981   84.918   95.     104.056  111.892  118.296  123.061  126.004   127.     127.     127.     127.     127.     126.004  123.061  118.296   111.892  104.056   95.      84.918   73.981   62.334   50.1     37.376 24.245   10.771    0.       0.       0.
0.       0.       0.       2.018   15.      27.597   39.742   51.353  62.334   72.572   81.934   90.27    97.418  103.211  107.487  110.114   111.     111.     111.     111.     111.     110.114  107.487  103.211    97.418   90.27    81.934   72.572   62.334   51.353   39.742   27.597 15.       2.018    0.       0.       0.
0.       0.       0.       0.       5.072   17.143   28.726   39.742  50.1     59.695   68.41    76.115   82.675   87.955   91.831   94.202    95.      95.      95.      95.      95.      94.202   91.831   87.955    82.675   76.115   68.41    59.695   50.1     39.742   28.726   17.143  5.072    0.       0.       0.       0.
0.       0.       0.       0.       0.       6.098   17.143   27.597  37.376   46.386   54.521   61.671   67.725   72.572   76.115   78.274    79.      79.      79.      79.      79.      78.274   76.115   72.572    67.725   61.671   54.521   46.386   37.376   27.597   17.143    6.098  0.       0.       0.       0.       0.
0.       0.       0.       0.       0.       0.       5.072   15.     24.245   32.721   40.337   47.      52.614   57.091   60.352   62.334    63.      63.      63.      63.      63.      62.334   60.352   57.091    52.614   47.      40.337   32.721   24.245   15.       5.072    0.     0.       0.       0.       0.       0.
0.       0.       0.       0.       0.       0.       0.       2.018  10.771   18.763   25.915   32.146   37.376   41.533   44.553   46.386    47.      47.      47.      47.      47.      46.386   44.553   41.533    37.376   32.146   25.915   18.763   10.771    2.018    0.       0.     0.       0.       0.       0.       0.
0.       0.       0.       0.       0.       0.       0.       0.      0.       4.56    11.295   17.143   22.036   25.915   28.726   30.429    31.      31.      31.      31.      31.      30.429   28.726   25.915    22.036   17.143   11.295    4.56     0.       0.       0.       0.     0.       0.       0.       0.       0.
0.       0.       0.       0.       0.       0.       0.       0.      0.       0.       0.       2.018    6.613   10.247   12.876   14.467    15.      15.      15.      15.      15.      14.467   12.876   10.247     6.613    2.018    0.       0.       0.       0.       0.       0.     0.       0.       0.       0.       0.
0.       0.       0.       0.       0.       0.       0.       0.      0.       0.       0.       0.       0.       0.       0.       0.        0.       0.       0.       0.       0.       0.       0.       0.        0.       0.       0.       0.       0.       0.       0.       0.     0.       0.       0.       0.       0.
