+---------------------------------------------------------------------------------------+
| (255 - NP.MINIMUM(32 * EDT(255 - WORLD_MAP), 255)) * (255/(MAX(NP.MAX(WORLD_MAP), 1)))|
+---------------------------------------------------------------------------------------+

0 0 0 0 0 0 0 0 0  0  0  0   0   0   0   0   0   0   0   0   0   0   0   0   0  0  0  0 0 0 0 0 0 0 0 0 0
0 0 0 0 0 0 0 0 0  0  0  0   0   0   0   0   0   0   0   0   0   0   0   0   0  0  0  0 0 0 0 0 0 0 0 0 0
0 0 0 0 0 0 0 0 0  0  0  0   0   0   0   0   0   0   0   0   0   0   0   0   0  0  0  0 0 0 0 0 0 0 0 0 0
0 0 0 0 0 0 0 0 0  0  0  0   0   0   0   0   0   0   0   0   0   0   0   0   0  0  0  0 0 0 0 0 0 0 0 0 0
0 0 0 0 0 0 0 0 0  0  0  0   0   0   0   0   0   0   0   0   0   0   0   0   0  0  0  0 0 0 0 0 0 0 0 0 0
0 0 0 0 0 0 0 0 0  0  0  0   0   0   0   0   0   0   0   0   0   0   0   0   0  0  0  0 0 0 0 0 0 0 0 0 0
0 0 0 0 0 0 0 0 0  0  0  0   0   0   0   0   0   0   0   0   0   0   0   0   0  0  0  0 0 0 0 0 0 0 0 0 0
0 0 0 0 0 0 0 0 0  0  0  0   0   0   0   0   0   0   0   0   0   0   0   0   0  0  0  0 0 0 0 0 0 0 0 0 0
0 0 0 0 0 0 0 0 0  0  0  0   0   0   0   0   0   0   0   0   0   0   0   0   0  0  0  0 0 0 0 0 0 0 0 0 0
0 0 0 0 0 0 0 0 0  0  0  0   0  11  22  28  31  31  31  31  31  28  22  11   0  0  0  0 0 0 0 0 0 0 0 0 0
0 0 0 0 0 0 0 0 0  0  0  5  24  40  52  60  63  63  63  63  63  60  52  40  24  5  0  0 0 0 0 0 0 0 0 0 0
0 0 0 0 0 0 0 0 0  0  5 28  50  68  82  91  95  95  95  95  95  91  82  68  50 28  5  0 0 0 0 0 0 0 0 0 0
0 0 0 0 0 0 0 0 0  0 24 50  73  95 111 123 127 127 127 127 127 123 111  95  73 50 24  0 0 0 0 0 0 0 0 0 0
0 0 0 0 0 0 0 0 0 11 40 68  95 119 139 153 159 159 159 159 159 153 139 119  95 68 40 11 0 0 0 0 0 0 0 0 0
0 0 0 0 0 0 0 0 0 22 52 82 111 139 164 183 191 191 191 191 191 183 164 139 111 82 52 22 0 0 0 0 0 0 0 0 0
0 0 0 0 0 0 0 0 0 28 60 91 123 153 183 209 223 223 223 223 223 209 183 153 123 91 60 28 0 0 0 0 0 0 0 0 0
0 0 0 0 0 0 0 0 0 31 63 95 127 159 191 223 255 255 255 255 255 223 191 159 127 95 63 31 0 0 0 0 0 0 0 0 0
0 0 0 0 0 0 0 0 0 31 63 95 127 159 191 223 255 255 255 255 255 223 191 159 127 95 63 31 0 0 0 0 0 0 0 0 0
0 0 0 0 0 0 0 0 0 31 63 95 127 159 191 223 255 255 255 255 255 223 191 159 127 95 63 31 0 0 0 0 0 0 0 0 0
0 0 0 0 0 0 0 0 0 31 63 95 127 159 191 223 255 255 255 255 255 223 191 159 127 95 63 31 0 0 0 0 0 0 0 0 0
0 0 0 0 0 0 0 0 0 31 63 95 127 159 191 223 255 255 255 255 255 223 191 159 127 95 63 31 0 0 0 0 0 0 0 0 0
0 0 0 0 0 0 0 0 0 28 60 91 123 153 183 209 223 223 223 223 223 209 183 153 123 91 60 28 0 0 0 0 0 0 0 0 0
0 0 0 0 0 0 0 0 0 22 52 82 111 139 164 183 191 191 191 191 191 183 164 139 111 82 52 22 0 0 0 0 0 0 0 0 0
0 0 0 0 0 0 0 0 0 11 40 68  95 119 139 153 159 159 159 159 159 153 139 119  95 68 40 11 0 0 0 0 0 0 0 0 0
0 0 0 0 0 0 0 0 0  0 24 50  73  95 111 123 127 127 127 127 127 123 111  95  73 50 24  0 0 0 0 0 0 0 0 0 0
0 0 0 0 0 0 0 0 0  0  5 28  50  68  82  91  95  95  95  95  95  91  82  68  50 28  5  0 0 0 0 0 0 0 0 0 0
0 0 0 0 0 0 0 0 0  0  0  5  24  40  52  60  63  63  63  63  63  60  52  40  24  5  0  0 0 0 0 0 0 0 0 0 0
0 0 0 0 0 0 0 0 0  0  0  0   0  11  22  28  31  31  31  31  31  28  22  11   0  0  0  0 0 0 0 0 0 0 0 0 0
0 0 0 0 0 0 0 0 0  0  0  0   0   0   0   0   0   0   0   0   0   0   0   0   0  0  0  0 0 0 0 0 0 0 0 0 0
0 0 0 0 0 0 0 0 0  0  0  0   0   0   0   0   0   0   0   0   0   0   0   0   0  0  0  0 0 0 0 0 0 0 0 0 0
0 0 0 0 0 0 0 0 0  0  0  0   0   0   0   0   0   0   0   0   0   0   0   0   0  0  0  0 0 0 0 0 0 0 0 0 0
0 0 0 0 0 0 0 0 0  0  0  0   0   0   0   0   0   0   0   0   0   0   0   0   0  0  0  0 0 0 0 0 0 0 0 0 0
0 0 0 0 0 0 0 0 0  0  0  0   0   0   0   0   0   0   0   0   0   0   0   0   0  0  0  0 0 0 0 0 0 0 0 0 0
0 0 0 0 0 0 0 0 0  0  0  0   0   0   0   0   0   0   0   0   0   0   0   0   0  0  0  0 0 0 0 0 0 0 0 0 0
0 0 0 0 0 0 0 0 0  0  0  0   0   0   0   0   0   0   0   0   0   0   0   0   0  0  0  0 0 0 0 0 0 0 0 0 0
0 0 0 0 0 0 0 0 0  0  0  0   0   0   0   0   0   0   0   0   0   0   0   0   0  0  0  0 0 0 0 0 0 0 0 0 0
0 0 0 0 0 0 0 0 0  0  0  0   0   0   0   0   0   0   0   0   0   0   0   0   0  0  0  0 0 0 0 0 0 0 0 0 0
