D C 365.0 -288.1 1417.5 -462.3 1756.2 250.8 1130.3 565.7 538.6 591.5 898.4 1320.3 
D C 365.8 -288.7 1418.5 -462.6 1756.2 250.8 1130.3 565.7 540.6 593.7 899.0 1321.1 
D C 366.6 -289.3 1419.4 -462.9 1756.2 250.8 1131.2 566.1 541.3 594.5 900.7 1323.6 
D C 365.8 -288.7 1419.4 -462.9 1752.2 250.3 1129.5 565.2 540.6 593.7 899.0 1321.1 
D C 365.0 -288.1 1421.3 -463.5 1754.2 250.6 1129.5 565.2 537.3 590.0 899.6 1322.0 
D C 365.0 -288.1 1415.6 -461.7 1756.2 250.8 1130.3 565.7 537.9 590.8 897.9 1319.5 
D C 365.0 -288.1 1419.4 -462.9 1750.2 250.0 1133.0 567.0 539.3 592.3 899.0 1321.1 
D C 365.0 -288.1 1419.4 -462.9 1752.2 250.3 1132.1 566.6 540.6 593.7 899.6 1322.0 
D C 365.0 -288.1 1418.5 -462.6 1755.2 250.7 1129.5 569.6 539.3 592.3 899.0 1321.1 
D C 365.8 -288.7 1417.0 -457.3 1754.2 250.6 1131.2 566.1 539.3 592.3 899.0 1321.1 
D C 364.2 -287.4 1419.4 -462.9 1754.2 250.6 1133.0 567.0 539.3 592.3 900.1 1322.8 
D C 365.0 -288.1 1418.5 -462.6 1757.2 251.0 1132.1 566.6 538.6 591.5 898.4 1320.3 
D C 365.0 -288.1 1423.2 -464.2 1756.2 250.8 1130.3 565.7 538.8 595.4 899.0 1321.1 
D C 365.0 -288.1 1416.6 -462.0 1754.2 250.6 1129.5 569.6 539.3 592.3 898.4 1320.3 
D C 355.9 -289.8 1403.3 -457.6 1720.8 251.2 1077.0 551.5 517.9 593.9 880.5 1328.7 
D C 314.1 -287.8 1364.4 -463.6 1691.8 241.7 1050.6 550.2 488.6 592.5 848.7 1324.4 
D C 279.9 -282.9 1329.9 -456.4 1646.8 245.5 1002.6 548.8 445.2 586.1 
D C 264.3 -284.1 1291.2 -452.0 1627.0 242.6 990.4 546.1 432.0 583.5 
D C 216.8 -277.3 1244.6 -448.6 1566.4 248.3 942.2 550.1 379.5 588.2 
D C 190.0 -282.0 1201.5 -441.4 1534.8 243.3 906.2 544.1 348.6 590.8 
D C 157.1 -278.8 1180.5 -446.1 1508.4 243.9 874.0 546.9 318.6 592.8 
D C 126.4 -277.6 1151.2 -447.1 1472.4 247.3 837.0 549.1 280.0 593.2 
D C 114.1 -279.6 1121.9 -439.7 1449.2 252.6 822.7 554.3 264.6 598.1 
D C 68.2 -278.8 1074.3 -440.2 1403.1 249.0 773.8 549.4 214.8 601.8 
D C 1036.6 -439.7 1368.9 247.2 747.5 548.2 184.1 595.2 
D C 1006.8 -438.0 1333.1 253.5 704.4 550.5 146.3 601.5 
D C 961.8 -436.1 1303.9 252.1 671.5 548.5 475.7 1319.9 111.9 603.7 
D C -48.1 -289.0 928.6 -424.5 1268.0 253.2 638.7 551.8 439.7 1320.7 81.5 603.5 
D C -78.6 -288.5 900.3 -428.4 1227.2 252.9 604.2 548.4 409.2 1323.2 48.0 606.1 
D C 861.8 -436.3 1181.8 254.9 552.6 543.4 362.5 1329.5 -4.2 609.0 
D C 843.1 -433.4 1156.8 257.0 536.9 547.7 344.1 1326.1 -21.1 610.6 
D C 812.1 -436.5 1131.6 255.0 506.9 543.2 318.2 1326.4 -51.4 613.8 
D C 748.6 -423.3 1078.8 257.1 452.1 544.9 263.5 1330.1 -104.7 612.1 
D C 733.0 -426.5 1061.3 252.9 441.6 545.7 248.9 1319.7 -122.6 613.9 
D C 687.8 -426.0 1009.6 253.7 391.5 542.5 199.8 1326.0 -167.6 618.7 
D C 669.9 -420.6 992.5 255.9 377.5 547.5 183.0 1324.4 -184.2 619.2 
D C 638.2 -420.1 960.5 263.4 343.4 550.7 146.5 1330.0 
D C 602.2 -417.9 925.2 259.8 315.0 549.1 117.6 1329.8 
D C 568.7 -418.4 894.0 260.0 283.0 550.5 85.6 1342.3 
D C 522.8 -412.6 851.1 270.3 233.4 554.9 27.7 1337.7 
D C 509.0 -417.0 833.0 264.6 220.1 551.7 23.7 1340.8 
D C 480.4 -413.8 801.2 265.3 186.9 550.1 -17.5 1346.9 
D C 444.5 -414.8 768.6 265.1 157.8 551.9 -42.5 1351.3 
D C 414.0 -413.3 732.5 265.2 124.0 554.3 -83.7 1346.4 
D C 398.8 -415.6 718.7 267.8 109.8 554.2 -100.4 1347.3 
D C 351.8 -414.9 669.4 270.6 63.1 557.4 -150.7 1349.6 
D C 322.6 -418.0 640.2 270.4 32.0 555.1 -181.4 1359.0 
D C 292.7 -417.6 611.5 273.8 1.3 560.0 -210.0 1351.8 
D C 260.0 -421.2 579.3 274.5 -29.8 562.2 
D C 215.1 -420.1 533.2 275.1 -76.9 562.8 
D C 201.3 -418.1 521.0 279.0 -95.4 568.0 
D C 158.2 -424.5 470.7 282.6 -139.1 568.2 
D C 143.1 -419.2 454.4 286.2 -155.6 574.3 
D C 111.4 -421.5 423.0 285.0 
D C 66.4 -418.8 374.5 287.2 
D C 50.0 -424.1 355.5 290.4 
D C 4.2 -423.0 308.5 292.3 
D C -11.5 -426.8 290.9 293.1 
D C -39.0 -426.2 257.6 295.4 
D C -86.6 -430.4 204.4 296.4 
D C -102.3 -432.1 187.6 296.7 
D C -146.6 -436.0 136.8 299.2 
D C -165.7 -434.5 126.3 295.1 
D C 111.6 279.6 
D C 87.2 261.9 -516.3 1512.3 
D C 78.4 256.3 -489.9 1526.3 
D C 54.0 237.9 -386.1 1556.8 
D C 43.9 232.9 -358.3 1567.6 
D C 28.4 226.2 -278.3 1596.9 
D C 12.1 221.7 
D C -3.5 219.0 
D C -31.5 220.8 
D C 
D C 122.5 1610.3 
D C 255.2 1593.7 
D C 311.0 1569.5 
D C 494.2 1499.7 -73.7 913.0 
D C 547.7 1476.7 -45.3 908.9 
D C 720.3 1370.2 52.0 903.5 -70.6 1509.3 
D C 822.8 1284.0 108.3 883.4 
D C 870.3 1237.7 138.3 881.2 
D C 993.8 1091.3 223.9 852.1 
D C 1036.5 1038.1 251.1 829.9 
D C 1122.3 871.6 322.8 780.9 
D C 1176.1 761.3 369.9 741.9 
D C 1191.8 695.8 390.0 720.2 
D C 1234.9 499.3 442.8 642.2 
D C 1246.7 442.8 459.4 620.4 
D C 1258.2 235.2 504.8 534.3 
D C 1222.7 102.4 522.7 471.6 
D C 1212.3 41.8 533.6 446.9 601.2 1591.2 
D C 1157.4 -77.4 516.6 391.2 -227.7 1104.8 
D C 1140.2 -104.4 507.0 379.0 -219.0 1114.7 
D C 1079.2 -145.7 474.8 361.8 -236.0 1127.6 
D C 1074.3 -151.8 459.3 359.0 -252.4 1119.9 
D C 1018.0 -150.2 412.8 358.9 -306.5 1131.2 
D C 984.9 -154.6 382.2 355.6 620.3 1487.9 -328.1 1128.3 
D C 969.6 -155.3 363.7 357.6 -341.1 1133.8 
D C 928.7 -157.5 865.3 667.8 316.8 356.6 -396.7 1138.9 
D C 887.4 -156.1 828.6 664.2 284.0 355.4 
D C 850.5 -157.7 796.3 662.7 250.2 355.8 
D C 817.1 -161.9 765.5 657.3 220.1 357.7 
D C 801.9 -166.6 750.4 656.4 206.6 357.6 
D C 759.7 -167.6 701.0 660.3 156.0 358.5 
D C 740.2 -168.0 681.5 661.9 139.4 358.9 
D C 694.2 -171.1 631.8 664.6 94.8 360.8 
D C 666.5 -170.8 595.2 657.7 63.8 362.4 
D C 647.9 -174.5 583.1 656.4 47.9 362.9 
D C 603.7 -176.6 536.2 654.4 -0.3 364.0 
D C 572.8 -175.2 499.9 653.8 -32.9 365.5 
D C 541.0 -176.4 447.5 624.1 -64.6 364.3 
D C 494.6 -211.6 476.1 626.7 -71.9 366.0 
D C 471.6 -235.1 477.6 609.1 -76.8 367.0 
D C 383.2 -300.5 512.7 529.5 425.4 1406.1 -68.7 367.6 
D C 291.6 -357.0 542.3 445.8 581.3 1325.1 -59.0 372.4 
D C 257.1 -379.1 546.9 414.1 624.9 1282.9 -54.5 373.0 
D C 187.7 -402.4 556.8 358.0 -47.5 373.0 
D C 120.5 -424.2 559.8 299.8 793.2 1128.0 -41.8 374.7 
D C 45.5 -444.7 558.5 237.9 882.5 1043.9 -34.7 373.4 
D C 8.5 -445.9 556.6 207.4 -31.3 373.7 
D C -104.1 -452.2 534.6 120.5 1003.0 850.5 196.3 1420.5 -21.0 374.4 
D C -178.3 -446.7 513.0 55.7 1057.4 726.6 325.8 1395.5 -9.4 369.9 -319.7 965.4 
D C 488.6 -19.1 1119.8 577.7 478.7 1341.1 13.1 361.8 -221.6 997.7 
D C 455.5 -83.0 1157.7 427.3 616.1 1254.9 33.3 351.4 
D C 389.3 -177.9 795.9 1102.8 58.7 333.9 
D C 361.2 -204.3 1173.6 112.8 859.3 1061.9 66.9 327.2 
D C 299.3 -257.8 1143.0 -48.3 964.8 925.6 80.4 309.7 
D C 230.6 -297.0 1097.5 -196.5 1039.6 787.2 91.0 291.1 
D C 160.2 -330.2 1031.2 -346.8 1112.6 645.0 100.3 273.2 
D C 126.0 -344.7 995.0 -414.8 1132.1 566.6 103.6 264.4 
D C 21.0 -374.4 872.0 -597.3 1194.3 355.3 111.5 238.2 
D C -50.1 -379.7 778.4 -674.6 1171.4 241.4 100.0 228.0 
D C -106.2 -380.4 710.5 -705.1 1144.4 195.8 559.6 695.9 69.5 222.4 
D C 641.1 -723.9 1109.2 148.0 549.8 679.4 42.4 221.0 
D C 588.3 -729.3 1063.1 145.2 510.3 684.8 -5.7 224.9 
D C 569.4 -723.9 1033.0 144.3 488.0 676.3 -21.8 227.0 
D C 540.8 -728.1 999.4 145.9 453.0 683.5 
D C 504.0 -723.8 971.3 144.8 423.3 678.8 
D C 475.6 -724.9 933.8 145.1 390.5 685.6 
D C 442.5 -726.9 901.7 142.9 365.3 684.6 
D C 410.9 -729.2 870.8 146.3 329.1 691.7 
D C 364.7 -723.2 822.2 151.1 278.2 691.1 
D C 349.2 -725.3 800.6 147.1 265.1 688.7 
D C 315.2 -727.7 765.8 148.0 234.0 695.7 
D C 265.1 -725.1 712.5 144.6 184.6 693.9 
D C 249.7 -724.1 699.8 146.5 166.4 693.3 
D C 202.2 -728.5 646.8 145.7 118.9 701.0 
D C 630.8 148.3 103.2 699.4 
D C 154.2 -725.8 597.4 146.2 75.0 701.0 
D C 551.1 149.3 25.5 705.5 
D C 95.5 -732.8 534.3 146.5 6.0 704.0 
D C -17.4 -731.8 502.7 86.0 46.6 697.4 
D C -69.7 -736.7 490.3 51.7 80.8 694.3 
D C -201.7 -722.4 470.9 -31.5 164.6 668.0 
D C -326.1 -690.9 441.5 -101.6 236.1 636.6 
D C 396.4 -176.8 313.0 586.7 
D C 305.8 -271.6 407.4 491.0 
D C 276.5 -302.7 432.7 455.2 
D C 198.6 -344.9 477.1 375.3 -140.1 639.8 
D C 121.6 -374.8 508.7 294.9 -59.9 643.2 
D C 44.4 -397.5 525.7 212.5 9.4 643.9 
D C -79.6 -408.3 527.4 77.0 122.4 618.0 
D C -117.0 -404.4 518.6 38.6 154.4 602.5 -301.5 991.2 
D C 483.4 -80.4 250.7 552.8 -114.7 1027.6 
D C 463.3 -129.4 284.9 522.4 -45.0 1028.0 
D C 417.5 -200.2 333.0 473.6 77.5 1018.1 
D C 340.9 -282.9 371.4 402.9 195.7 987.8 
D C 320.1 -282.6 352.9 402.1 185.7 984.6 
D C 240.5 -305.8 994.9 838.4 326.6 374.6 198.8 971.9 
D C 213.9 -309.2 981.9 827.4 315.1 372.7 186.3 971.3 
D C 179.0 -306.6 954.2 824.4 287.3 375.8 158.4 970.2 
D C 128.9 -302.7 910.0 826.0 236.1 376.0 107.0 971.1 
D C 114.4 -304.2 900.2 832.3 222.1 376.4 94.9 971.4 
D C 66.3 -312.0 841.8 822.6 174.8 376.4 44.1 974.0 
D C 33.0 -313.3 812.7 829.1 142.8 377.9 11.2 969.9 
D C 19.6 -314.4 791.2 822.1 127.3 382.4 -3.7 969.0 
D C -32.5 -322.4 741.5 819.3 75.8 376.4 -57.4 971.3 
D C -47.9 -324.5 726.6 817.9 62.7 376.8 -69.5 972.5 
D C -112.3 -327.3 728.7 771.2 37.2 369.1 
D C 743.9 722.5 29.7 360.8 
D C 751.4 661.3 21.4 352.4 
D C 762.8 615.3 13.7 349.7 
D C 758.4 585.3 7.2 347.9 
D C 769.4 508.1 -4.5 342.0 
D C 774.6 481.4 -6.5 340.9 
D C 762.5 393.4 151.5 927.7 -23.0 337.2 
D C 759.3 340.1 180.4 910.3 -30.4 337.6 
D C 759.2 290.8 220.6 895.2 -24.9 334.1 
D C 761.4 174.0 303.2 849.5 -19.5 330.4 
D C 739.4 98.7 347.5 819.3 -20.3 326.4 
D C 720.5 27.1 393.4 777.1 -18.0 321.5 
D C 686.3 -48.0 428.7 731.7 -16.8 317.6 
D C 672.5 -78.2 446.2 710.5 -17.8 317.5 
D C 613.9 -187.8 504.5 627.3 -14.5 310.7 
D C 570.8 -254.6 530.3 578.8 279.5 1410.6 -14.4 306.7 
D C 513.6 -280.1 517.8 548.1 -35.7 302.9 
D C 467.3 -315.9 514.0 521.2 -55.7 302.9 
D C 438.8 -324.9 505.6 512.6 315.1 1245.8 
D C 383.4 -330.2 458.3 506.4 
D C 366.6 -329.7 439.9 510.7 284.7 1370.7 
D C 316.7 -332.2 389.3 509.2 235.1 1360.8 
D C 281.0 -333.4 357.8 508.8 
D C 265.4 -333.2 341.8 512.4 189.4 1371.0 
D C 212.6 -335.2 292.0 512.7 
D C 162.5 -332.4 238.9 514.2 
D C 144.7 -334.0 221.4 517.6 
D C 109.8 -338.6 206.5 513.0 87.7 1375.2 
D C 51.7 -354.2 204.7 495.4 152.6 1347.4 
D C -2.0 -368.0 201.6 479.3 201.5 1336.9 
D C -90.3 -371.2 193.9 453.3 288.2 1306.6 
D C -114.9 -367.5 192.1 445.3 
D C 188.3 432.8 
D C 179.7 420.2 -540.7 1552.5 
D C 191.5 396.2 -400.2 1592.5 
D C 195.1 385.4 -347.7 1611.9 
D C 197.8 352.3 -153.0 1643.9 
D C 201.6 323.3 
D C 186.2 306.9 74.2 1638.3 
D C 156.4 299.7 103.9 1629.7 
D C 780.4 873.0 142.7 297.6 130.8 1651.8 
D C 745.3 854.7 91.6 296.2 109.5 1638.3 
D C 772.9 798.1 75.2 286.3 
D C 798.2 733.5 59.7 274.6 
D C 802.2 676.0 39.7 269.1 
D C 809.9 649.2 27.1 268.6 -374.7 1417.3 
D C 821.5 572.0 475.9 1522.4 -0.2 265.0 
D C 573.1 1475.6 -28.9 266.4 
D C 821.2 459.4 601.5 1442.6 
D C 818.7 397.2 667.7 1403.3 
D C 805.1 340.0 717.0 1364.0 
D C 786.9 282.2 768.9 1303.1 35.3 1482.6 
D C 771.5 211.6 834.7 1218.5 116.7 1474.4 
D C 751.6 188.9 855.6 1208.9 139.3 1471.4 -132.0 816.4 
D C 731.7 134.5 904.8 1139.4 211.0 1460.8 -107.0 821.1 
D C 700.2 82.5 951.7 1084.6 271.5 1439.6 -82.2 827.9 
D C 674.9 37.8 970.8 1008.7 326.9 1419.9 -64.4 829.5 
D C 623.5 -24.4 1021.7 921.7 413.0 1380.5 -34.1 839.3 
D C 604.8 -51.6 1036.1 873.2 452.9 1374.3 -13.4 830.9 
D C 569.0 -89.3 1042.7 799.6 499.9 1335.5 -0.6 833.0 
D C 529.2 -130.4 1063.8 726.2 558.9 1295.6 30.0 830.5 
D C 494.8 -163.1 1078.5 661.1 601.5 1254.2 50.1 825.5 
D C 426.5 -204.5 1074.6 579.7 635.6 1209.1 54.6 817.2 
D C 411.4 -203.5 1056.0 590.7 618.0 1211.5 37.5 827.2 
D C 381.8 -202.2 1018.3 590.3 586.6 1213.7 4.4 818.0 
D C 966.2 584.1 531.9 1212.5 -43.6 823.8 
D C 317.0 -200.4 945.5 579.6 514.7 1213.4 -59.1 827.9 
D C 267.0 -199.0 894.8 583.1 466.2 1211.4 -108.4 832.0 
D C 872.6 584.0 451.7 1217.9 -124.3 833.8 
D C 824.5 581.6 396.6 1216.0 -172.0 834.5 
D C 788.7 578.4 371.2 1213.5 -200.7 842.4 
D C 794.5 549.5 399.6 1200.2 -179.4 844.2 
D C 803.8 489.3 459.4 1172.2 -152.0 856.6 
D C 794.7 441.3 487.7 1140.1 -132.1 868.0 
D C 789.3 356.4 553.6 1077.1 -89.6 875.4 
D C 778.6 323.2 579.8 1055.2 -73.4 875.9 
D C 767.8 267.4 613.1 1010.5 -49.3 879.6 
D C 728.7 263.9 569.4 1014.1 -90.7 886.4 
D C 706.4 260.7 555.2 1010.5 -107.3 886.5 
D C 652.8 266.3 503.8 1018.2 -160.0 885.7 
D C 635.4 263.8 487.3 1016.2 -179.4 898.3 
D C 600.4 266.7 450.3 1017.9 -213.2 894.9 
D C 550.6 267.2 401.6 1015.5 -260.3 894.9 
D C 540.1 268.2 388.4 1018.5 -273.8 900.3 
D C 488.6 269.4 336.4 1021.0 
D C 458.6 267.7 303.8 1015.5 
D C 439.1 269.1 291.3 1019.2 
D C 392.3 273.1 238.3 1020.6 
D C 372.6 273.2 219.2 1023.8 
D C 329.0 273.8 174.6 1029.3 
D C 312.3 274.8 155.6 1032.3 
D C 276.3 276.7 119.6 1028.1 
D C 237.1 273.6 88.7 1039.2 
D C 240.6 275.8 90.7 1025.0 
D C 241.2 276.6 90.7 1025.0 
D C 240.6 275.8 90.2 1020.0 
D C 239.9 275.1 90.7 1026.0 
D C 239.9 275.1 90.7 1026.0 
D C 239.9 275.1 90.7 1025.0 
