F 1850.0 1897.0 3.71755130675
F 1850.0 1897.0 3.71755130675
F 1850.0 1897.0 3.71755130675
F 1850.0 1897.0 3.71755130675
F 1850.0 1897.0 3.71755130675
F 1850.0 1897.0 3.71755130675
F 1850.0 1897.0 3.71755130675
F 1850.0 1897.0 3.71755130675
F 1850.0 1897.0 3.71755130675
F 1850.0 1897.0 3.71755130675
F 1850.0 1897.0 3.71755130675
F 1850.0 1897.0 3.71755130675
F 1850.0 1897.0 3.71755130675
F 1829.218582 1883.50438935 3.71755130675
F 1792.04618641 1859.3643534 3.71755130675
F 1754.36841847 1835.04155896 3.71522464008
F 1716.55368276 1810.60928103 3.71522464008
F 1716.55368276 1810.60928103 3.71522464008
F 1679.03208454 1786.36640062 3.71522464008
F 1641.43021194 1761.92643942 3.71755130675
F 1603.75244399 1737.60364497 3.71522464008
F 1566.15057139 1713.16368377 3.71755130675
F 1566.15057139 1713.16368377 3.71755130675
F 1528.47280344 1688.84088932 3.71522464008
F 1490.87093084 1664.40092812 3.71755130675
F 1490.87093084 1664.40092812 3.71755130675
F 1453.19316289 1640.07813367 3.71522464008
F 1415.59129029 1615.63817246 3.71755130675
F 1377.91352234 1591.31537802 3.71522464008
F 1340.31164974 1566.87541681 3.71755130675
F 1302.63388179 1542.55262237 3.71522464008
F 1302.63388179 1542.55262237 3.71522464008
F 1265.03200919 1518.11266116 3.71755130675
F 1227.35424124 1493.78986672 3.71522464008
F 1189.53950554 1469.3575888 3.71522464008
F 1189.53950554 1469.3575888 3.71522464008
F 1152.01790731 1445.11470838 3.71522464008
F 1114.41603471 1420.67474718 3.71755130675
F 1076.73826676 1396.35195273 3.71522464008
F 1038.92353106 1371.91967481 3.71522464008
F 1038.92353106 1371.91967481 3.71522464008
F 1001.40193284 1347.67679439 3.71522464008
F 963.800060231 1323.23683319 3.71755130675
F 926.122292286 1298.91403874 3.71522464008
F 926.122292286 1298.91403874 3.71522464008
F 888.520419681 1274.47407754 3.71755130675
F 850.842651737 1250.15128309 3.71522464008
F 813.027916029 1225.71900517 3.71522464008
F 774.920042835 1201.09732975 3.71522464008
F 774.920042835 1201.09732975 3.71522464008
F 737.31817023 1176.65736855 3.71755130675
F 699.640402286 1152.3345741 3.71522464008
F 662.038529681 1127.8946129 3.71755130675
F 662.038529681 1127.8946129 3.71755130675
F 624.360761736 1103.57181845 3.71522464008
F 586.758889131 1079.13185725 3.71755130675
F 549.081121187 1054.8090628 3.71522464008
F 549.081121187 1054.8090628 3.71522464008
F 511.479248582 1030.3691016 3.71755130675
F 473.801480637 1006.04630715 3.71522464008
F 436.601650242 980.994851126 3.73151130675
F 402.715272047 952.02778781 3.83155797341
F 402.715272047 952.02778781 3.83155797341
F 371.419695583 919.555455614 3.92927797341
F 343.651843723 884.235789086 4.02932464008
F 319.553163612 846.528480429 4.12704464008
F 299.248350094 806.649888964 4.22476464008
F 299.248350094 806.649888964 4.22476464008
F 283.117055048 765.090790026 4.32481130675
F 270.986273478 721.469980381 4.42485797341
F 263.519228226 677.872859349 4.52490464008
F 260.105816451 633.082054627 4.62029797341
F 260.105816451 633.082054627 4.62029797341
F 265.603721797 587.600608109 4.80410464008
F 279.835981795 545.102242423 5.00187130675
F 301.226321581 506.556484325 5.18567797341
F 301.226321581 506.556484325 5.18567797341
F 326.661612508 474.105216842 5.34156464008
F 357.677302339 445.365718946 5.50210464008
F 392.071385424 422.027019044 5.65333797341
F 392.071385424 422.027019044 5.65333797341
F 429.497013759 404.331528923 5.80689797341
F 468.306531199 392.181362862 5.94649797341
F 510.35444086 386.25315928 6.10936464008
F 552.095353615 386.813860542 6.26292464008
F 552.095353615 386.813860542 6.26292464008
F 592.911229509 393.732841816 0.133299332902
F 632.466997763 407.11385873 0.291512666235
F 669.518086214 426.344954073 0.445072666235
F 669.518086214 426.344954073 0.445072666235
F 708.871045073 447.135992209 0.479972666235
F 748.593800138 467.95221802 0.482299332902
F 788.381160185 488.644692679 0.479972666235
F 827.695995585 509.111056461 0.479972666235
F 827.695995585 509.111056461 0.479972666235
F 867.41875065 529.927282272 0.482299332902
F 907.304240968 550.808807673 0.482299332902
F 947.498921134 571.852205364 0.482299332902
F 987.286281181 592.544680023 0.479972666235
F 987.286281181 592.544680023 0.479972666235
F 1027.00903625 613.360905834 0.482299332902
F 1066.27614687 633.918686655 0.482299332902
F 1106.16163719 654.800212056 0.482299332902
F 1106.16163719 654.800212056 0.482299332902
F 1145.73793766 675.519865168 0.482299332902
F 1185.62342798 696.401390569 0.482299332902
F 1225.19972845 717.12104368 0.482299332902
F 1265.08521877 738.002569081 0.482299332902
F 1265.08521877 738.002569081 0.482299332902
F 1303.99078834 759.605958486 0.503239332902
F 1340.85127026 785.897321479 0.603285999568
F 1371.83195219 818.434349934 0.780112666235
F 1371.83195219 818.434349934 0.780112666235
F 1395.83248647 856.692972814 0.977879332902
F 1411.86120918 895.461273369 1.14307266623
F 1422.0288735 935.935671148 1.2919793329
F 1422.0288735 935.935671148 1.2919793329
F 1425.85708027 976.975924637 1.44321266623
F 1423.90860746 1017.77595497 1.5851393329
F 1415.54994409 1058.67523284 1.7386993329
F 1400.84491919 1092.99908041 1.9201793329
F 1400.84491919 1092.99908041 1.9201793329
F 1379.94318933 1123.56974806 2.11096599957
F 1353.7946945 1149.76766492 2.2970993329
F 1323.24966157 1170.67401784 2.48323266623
F 1323.24966157 1170.67401784 2.48323266623
F 1287.95919739 1185.51707791 2.68565266623
F 1251.12133922 1192.9372297 2.8834193329
F 1214.089411 1193.22761601 3.07420599957
F 1174.66155429 1189.64090997 3.19984599957
F 1174.66155429 1189.64090997 3.19984599957
F 1129.53571391 1187.13178653 3.1975193329
F 1085.11470162 1184.52311773 3.19984599957
F 1040.51847634 1181.9222958 3.19984599957
F 1040.51847634 1181.9222958 3.19984599957
F 995.044204627 1179.39325876 3.1975193329
F 950.274761012 1176.76467637 3.19984599957
F 905.497351961 1174.27546652 3.1975193329
F 905.497351961 1174.27546652 3.1975193329
F 861.24365049 1171.79792032 3.1975193329
F 816.474206875 1169.16933793 3.19984599957
F 771.696797824 1166.68012808 3.1975193329
F 726.927354209 1164.05154569 3.19984599957
F 682.149945158 1161.56233583 3.1975193329
F 682.149945158 1161.56233583 3.1975193329
F 637.199335003 1159.04577316 3.1975193329
F 592.59717919 1156.54871873 3.1975193329
F 547.646569035 1154.03215606 3.1975193329
F 547.646569035 1154.03215606 3.1975193329
F 502.725221624 1151.02777423 3.20682599957
F 459.447773752 1138.96446708 3.38365266623
F 425.115749712 1115.43714204 3.67681266623
F 403.328830892 1089.52053587 3.91878599957
F 403.328830892 1089.52053587 3.91878599957
F 388.135490001 1058.47450221 4.16541266623
F 380.973866339 1025.94595701 4.40040599957
F 381.804979064 992.098511631 4.6423793329
F 381.804979064 992.098511631 4.6423793329
F 391.189265824 958.80478286 4.8936593329
F 407.644998898 929.635415142 5.1309793329
F 430.320933271 905.238753351 5.36597266623
F 457.289090615 886.968759592 5.5916593329
F 457.289090615 886.968759592 5.5916593329
F 488.25050331 875.19569494 5.82432599957
F 521.420198564 870.761772645 6.05699266623
F 564.365034877 863.964794592 6.1151593329
F 564.365034877 863.964794592 6.1151593329
F 608.256078946 856.643064218 6.11748599957
F 652.316217786 849.274770699 6.11748599957
F 696.720576461 841.848912386 6.11748599957
F 740.436495466 834.538183659 6.11748599957
F 740.436495466 834.538183659 6.11748599957
F 784.840854141 827.112325347 6.11748599957
F 829.245212816 819.686467034 6.11748599957
F 873.305351656 812.318173514 6.11748599957
F 917.70971033 804.892315202 6.11748599957
F 917.70971033 804.892315202 6.11748599957
F 963.073501306 802.27168738 6.21055266623
F 1007.95766859 804.257629863 0.0274140257221
F 1052.4190372 810.716665549 0.127460692389
F 1052.4190372 810.716665549 0.127460692389
F 1095.86691118 821.434396448 0.225180692389
F 1138.39767691 836.434377487 0.322900692389
F 1178.72633086 855.43377365 0.422947359055
F 1178.72633086 855.43377365 0.422947359055
F 1216.81181427 878.975731235 0.534627359055
F 1249.39068303 910.254560829 0.732394025722
F 1274.95403439 947.06737623 0.930160692389
F 1293.03208204 984.709036784 1.08837402572
F 1293.03208204 984.709036784 1.08837402572
F 1305.55995297 1023.76273319 1.22797402572
F 1312.2768982 1063.70157692 1.36990069239
F 1312.84639821 1105.44237055 1.52346069239
F 1311.76557043 1148.38756536 1.58395402572
F 1311.76557043 1148.38756536 1.58395402572
F 1311.17780666 1193.05569849 1.58395402572
F 1310.59004289 1237.72383163 1.58395402572
F 1310.00687103 1282.04299497 1.58395402572
F 1310.00687103 1282.04299497 1.58395402572
F 1309.28985426 1327.23285067 1.58628069239
F 1308.60356815 1371.55053721 1.58628069239
F 1307.90647439 1416.56614008 1.58628069239
F 1307.20938062 1461.58174294 1.58628069239
F 1307.20938062 1461.58174294 1.58628069239
F 1306.51769068 1506.24838764 1.58628069239
F 1301.54122632 1551.22287411 1.66771402572
F 1292.155316 1594.97778465 1.76543402572
F 1292.155316 1594.97778465 1.76543402572
F 1278.47049157 1637.40540496 1.86548069239
F 1260.38066278 1678.91069366 1.96552735906
F 1238.71861736 1717.6703215 2.06324735906
F 1238.71861736 1717.6703215 2.06324735906
F 1209.81222912 1752.49735867 2.23542069239
F 1174.77635038 1780.71080597 2.43086069239
F 1137.46898515 1801.39412535 2.60070735906
F 1098.77615947 1817.73391842 2.71704069239
F 1098.77615947 1817.73391842 2.71704069239
F 1057.7519718 1836.27863377 2.71704069239
F 1017.36381805 1854.53583415 2.71704069239
F 975.048709834 1869.51743717 2.78916735906
F 931.75906041 1880.1342353 2.88456069239
F 931.75906041 1880.1342353 2.88456069239
F 887.080297828 1886.32722055 2.98693402572
F 841.837379363 1888.06193219 3.08698069239
F 797.167034527 1885.38839493 3.18470069239
F 797.167034527 1885.38839493 3.18470069239
F 752.812505298 1878.232406 3.28474735906
F 709.880628856 1866.90072707 3.38246735906
F 667.128278722 1850.9693333 3.48251402572
F 627.582380151 1831.5558398 3.58023402572
F 627.582380151 1831.5558398 3.58023402572
F 589.194553145 1807.88644601 3.67795402572
F 553.151172955 1780.19279053 3.78032735906
F 520.233806391 1749.36565244 3.87804735906
F 520.233806391 1749.36565244 3.87804735906
F 490.940139999 1715.76121086 3.97809402572
F 464.928849048 1679.12864088 4.07814069239
F 442.506114027 1639.99954149 4.17586069239
F 424.334896204 1599.48584251 4.27358069239
F 424.334896204 1599.48584251 4.27358069239
F 408.480743933 1557.68457362 4.33872735906
F 391.997057665 1515.97725275 4.33640069239
F 375.465708453 1474.10118639 4.33640069239
F 375.465708453 1474.10118639 4.33640069239
F 359.062509234 1432.54974069 4.33640069239
F 342.708730749 1390.79131093 4.33872735906
F 326.22504448 1349.08399006 4.33640069239
F 309.565545274 1306.88330303 4.33640069239
F 309.565545274 1306.88330303 4.33640069239
F 297.586001889 1263.59676021 4.42714069239
F 290.140639572 1220.17639168 4.52486069239
F 286.920013377 1175.01492068 4.62490735906
F 286.920013377 1175.01492068 4.62490735906
F 288.110601595 1129.93224148 4.72262735906
F 291.731416324 1085.37709259 4.78312069239
F 294.779166786 1040.6342301 4.78079402572
F 297.941919759 996.249227242 4.78312069239
F 297.941919759 996.249227242 4.78312069239
F 301.099012784 951.688927113 4.78312069239
F 304.146763246 906.946064619 4.78079402572
F 307.333775998 862.212906037 4.78312069239
F 307.333775998 862.212906037 4.78312069239
F 310.430046019 816.773732096 4.78079402572
F 313.45959888 772.55439087 4.78079402572
F 316.646611632 727.821232288 4.78312069239
F 316.646611632 727.821232288 4.78312069239
F 319.828369446 682.912804813 4.78312069239
F 322.876119908 638.16994232 4.78079402572
F 326.06313266 593.436783738 4.78312069239
F 328.989584227 550.434699864 4.78079402572
F 329.508021284 543.998670926 4.78312069239
F 329.508021284 543.998670926 4.78312069239
F 329.508021284 543.998670926 4.78312069239
F 329.508021284 543.998670926 4.78312069239
F 329.508021284 543.998670926 4.78312069239
F 329.508021284 543.998670926 4.78312069239
F 329.508021284 543.998670926 4.78312069239
F 329.508021284 543.998670926 4.78312069239
