P 378 1850 1897
P 494 1853 1897
P 699 1853 1897
P 986 1850 1897
P 1091 1853 1897
P 1365 1850 1897
P 1499 1853 1897
P 1615 1850 1897
P 1993 1850 1897
P 2115 1850 1897
P 2354 1853 1897
P 2585 1853 1897
P 2797 1853 1897
P 2890 1850 1897
P 3155 1814 1874
P 3359 1768 1842
P 3580 1740 1821
P 3725 1726 1812
P 3941 1695 1792
P 4191 1650 1763
P 4307 1633 1751
P 4533 1603 1730
P 4785 1555 1701
P 4990 1527 1684
P 5103 1513 1672
P 5371 1479 1652
P 5517 1446 1631
P 5762 1415 1611
P 5955 1370 1582
P 6067 1353 1570
P 6394 1325 1550
P 6510 1295 1530
P 6744 1261 1509
P 6974 1217 1480
P 7110 1203 1472
P 7344 1172 1451
P 7581 1125 1422
P 7786 1094 1402
P 7905 1078 1393
P 8151 1047 1373
P 8366 1003 1344
P 8560 972 1324
P 8683 953 1313
P 8853 936 1304
P 9120 892 1272
P 9375 859 1252
P 9514 845 1244
P 9753 798 1215
P 9869 768 1195
P 10144 737 1175
P 10262 718 1166
P 10520 674 1137
P 10766 644 1117
P 10989 594 1089
P 11147 580 1080
P 11394 534 1051
P 11519 517 1043
P 11778 487 1023
P 11975 440 994
P 12116 424 983
P 12373 391 966
P 12505 361 946
P 12770 334 920
P 12876 320 909
P 13150 282 867
P 13362 249 827
P 13481 239 810
P 13756 220 782
P 13930 198 729
P 14197 185 695
P 14305 179 678
P 14537 169 639
P 14784 158 586
P 14989 156 550
P 15141 159 533
P 15377 165 481
P 15514 170 464
P 15783 181 431
P 15884 198 400
P 16186 218 370
P 16335 226 359
P 16550 262 320
P 16785 300 287
P 16918 314 279
P 17120 344 262
P 17216 361 254
P 17566 394 243
P 17676 443 232
P 17994 479 230
P 18179 533 233
P 18295 550 233
P 18538 594 236
P 18799 654 239
P 18888 671 242
P 19177 706 242
P 19311 726 242
P 19520 781 248
P 19749 819 251
P 19983 874 254
P 20072 893 257
P 20326 932 257
P 20479 951 260
P 20744 1006 263
P 20945 1045 266
P 21137 1081 269
P 21397 1117 269
P 21545 1153 272
P 21749 1189 275
P 21882 1228 278
P 22138 1263 282
P 22359 1299 287
P 22507 1338 296
P 22712 1372 310
P 22923 1402 327
P 23040 1419 336
P 23345 1446 358
P 23567 1496 409
P 23716 1505 423
P 23930 1524 454
P 24156 1541 485
P 24275 1546 502
P 24557 1560 550
P 24733 1560 569
P 24861 1560 600
P 25162 1555 645
P 25310 1549 662
P 25504 1530 710
P 25705 1510 738
P 25973 1488 760
P 26189 1452 791
P 26334 1438 799
P 26569 1404 830
P 26681 1374 852
P 26966 1343 874
P 27178 1299 910
P 27396 1285 921
P 27532 1268 933
P 27722 1226 969
P 27934 1198 991
P 28116 1184 1002
P 28375 1137 1035
P 28511 1123 1049
P 28757 1079 1083
P 28981 1051 1105
P 29126 1020 1130
P 29370 990 1152
P 29507 973 1163
P 29681 945 1186
P 29907 903 1222
P 30184 873 1244
P 30300 842 1263
P 30556 812 1277
P 30794 784 1280
P 30899 770 1279
P 31124 731 1270
P 31255 718 1265
P 31535 693 1250
P 31755 660 1222
P 31917 652 1210
P 32160 632 1176
P 32295 627 1165
P 32571 619 1125
P 32721 619 1100
P 32840 619 1086
P 33138 627 1061
P 33304 636 1036
P 33522 656 988
P 33757 667 949
P 33897 672 929
P 34118 684 893
P 34334 695 857
P 34489 700 837
P 34785 720 767
P 34910 723 750
P 35170 740 697
P 35286 745 681
P 35534 759 627
P 35766 771 591
P 35973 787 558
P 36134 796 541
P 36335 826 497
P 36491 837 483
P 36708 873 441
P 36950 898 416
P 37116 912 405
P 37383 959 369
P 37567 973 358
P 37723 1003 347
P 37817 1020 339
P 38138 1070 328
P 38307 1106 322
P 38570 1153 323
P 38766 1189 329
P 38979 1222 334
P 39105 1238 340
P 39316 1297 357
P 39453 1319 363
P 39730 1358 374
P 39958 1413 386
P 40136 1433 392
P 40282 1449 395
P 40468 1483 406
P 40741 1538 418
P 40988 1594 432
P 41082 1613 438
P 41333 1669 449
P 41513 1702 467
P 41672 1719 475
P 41958 1750 492
P 42075 1783 515
P 42351 1814 538
P 42574 1856 575
P 42799 1881 603
P 42926 1901 631
P 43182 1918 660
P 43311 1926 679
P 43530 1940 730
P 43784 1957 773
P 43907 1963 793
P 44165 1980 849
P 44317 1986 869
P 44533 1991 926
P 44769 1994 965
P 44976 1994 1005
P 45190 1992 1042
P 45293 1992 1059
P 45566 1978 1115
P 45715 1972 1135
P 45916 1964 1172
P 46192 1942 1223
P 46317 1933 1240
P 46532 1905 1291
P 46645 1897 1305
P 46912 1874 1336
P 47068 1849 1367
P 47308 1824 1395
P 47576 1782 1434
P 47691 1768 1445
P 47963 1723 1476
P 48089 1706 1484
P 48356 1670 1501
P 48472 1636 1515
P 48749 1602 1534
P 48988 1555 1562
P 49188 1524 1581
P 49308 1507 1590
P 49479 1490 1598
P 49714 1440 1626
P 49912 1392 1653
P 50194 1359 1667
P 50314 1342 1672
P 50579 1289 1689
P 50705 1269 1691
P 50935 1214 1699
P 51166 1177 1698
P 51271 1158 1701
P 51537 1124 1706
P 51649 1088 1708
P 51961 1052 1714
P 52146 1013 1716
P 52297 993 1718
P 52536 940 1723
P 52774 882 1731
P 52938 865 1733
P 53064 848 1733
P 53331 793 1741
P 53586 737 1746
P 53695 721 1748
P 53929 665 1756
P 54155 629 1761
P 54263 612 1764
P 54620 593 1766
P 54746 593 1766
P 54887 593 1766
P 55137 593 1766
P 55266 593 1766
P 55521 593 1766
P 55759 593 1766
