F 521.213203 21.213203 0.785398
E 0.000000 0.000000 0.000000 0.000000
F 521.213203 21.213203 0.785398
E 0.000000 0.000000 0.000000 0.000000
F 521.213203 21.213203 0.785398
E 0.000000 0.000000 0.000000 0.000000
F 521.213203 21.213203 0.785398
E 0.000000 0.000000 0.000000 0.000000
F 521.213203 21.213203 0.785398
E 0.000000 0.000000 0.000000 0.000000
F 521.213203 21.213203 0.785398
E 0.000000 0.000000 0.000000 0.000000
F 521.213203 21.213203 0.785398
E 0.000000 0.000000 0.000000 0.000000
F 521.213203 21.213203 0.785398
E 0.000000 0.000000 0.000000 0.000000
F 521.213203 21.213203 0.785398
E 0.000000 0.000000 0.000000 0.000000
F 521.213203 21.213203 0.785398
E 0.000000 0.000000 0.000000 0.000000
F 521.213203 21.213203 0.785398
E 0.000000 0.000000 0.000000 0.000000
F 521.213203 21.213203 0.785398
E 0.000000 0.000000 0.000000 0.000000
F 521.213203 21.213203 0.785398
E 0.000000 0.000000 0.000000 0.000000
F 538.734602 38.734602 0.785398
E 0.785398 6.132490 0.980367 0.079129
F 570.075696 70.075696 0.785398
E 0.785398 12.567211 5.475191 0.162158
F 601.870345 101.703415 0.783147
E 0.782812 16.767377 12.839323 0.216353
F 633.776597 133.466310 0.783147
E -0.778746 22.130361 20.131698 0.259766
F 633.776597 133.466310 0.783147
E -0.778746 22.130361 20.131698 0.259766
F 665.435515 164.982980 0.783147
E -0.785018 32.897715 22.967757 0.296359
F 697.134743 196.706335 0.785398
E -2.356708 25.509384 45.053332 0.329154
F 728.929392 228.334054 0.783147
E -2.356997 27.819758 58.422126 0.358965
F 760.628620 260.057408 0.785398
E -2.357125 29.952447 72.902677 0.386484
F 760.628620 260.057408 0.785398
E -2.357125 29.952447 72.902677 0.386484
F 792.423268 291.685127 0.783147
E -2.357192 31.943062 88.415402 0.412169
F 824.122496 323.408482 0.785398
E -2.357231 33.816702 104.895704 0.436345
F 824.122496 323.408482 0.785398
E -2.357231 33.816702 104.895704 0.436345
F 855.917144 355.036201 0.783147
E -2.357255 35.591844 122.289783 0.459250
F 887.616372 386.759555 0.785398
E -2.357271 37.282562 140.551929 0.481066
F 919.411021 418.387274 0.783147
E -2.357283 38.899865 159.642677 0.501935
F 951.110249 450.110628 0.785398
E -2.357290 40.452560 179.527503 0.521969
F 982.904897 481.738348 0.783147
E -2.357296 41.947820 200.175871 0.541263
F 982.904897 481.738348 0.783147
E -2.357296 41.947820 200.175871 0.541263
F 1014.604125 513.461702 0.785398
E -2.357301 43.391586 221.560520 0.559892
F 1046.398774 545.089421 0.783147
E -2.357304 44.788835 243.656917 0.577921
F 1078.305026 576.852315 0.783147
E -2.357401 46.153943 266.532822 0.595536
F 1078.305026 576.852315 0.783147
E -2.357401 46.153943 266.532822 0.595536
F 1109.963944 608.368986 0.783147
E -2.357488 47.459627 289.898489 0.612383
F 1141.663172 640.092340 0.785398
E -2.357479 48.740395 314.004711 0.628909
F 1173.457821 671.720059 0.783147
E -2.357471 49.988359 338.744382 0.645012
F 1205.364074 703.482954 0.783147
E -2.357540 51.215069 364.201555 0.660840
F 1205.364074 703.482954 0.783147
E -2.357540 51.215069 364.201555 0.660840
F 1237.022991 734.999624 0.783147
E -2.357603 52.394785 390.062332 0.676063
F 1268.722219 766.722979 0.785398
E -2.357589 53.557662 416.612173 0.691067
F 1300.516868 798.350698 0.783147
E -2.357575 54.695822 443.738419 0.705753
F 1300.516868 798.350698 0.783147
E -2.357575 54.695822 443.738419 0.705753
F 1332.216096 830.074052 0.785398
E -2.357562 55.810777 471.429085 0.720140
F 1364.010744 861.701771 0.783147
E -2.357550 56.903890 499.672904 0.734245
F 1395.916997 893.464666 0.783147
E -2.357599 57.984480 528.572319 0.748188
F 1428.070585 925.473784 0.783147
E -2.357646 59.061660 558.238912 0.762087
F 1428.070585 925.473784 0.783147
E -2.357646 59.061660 558.238912 0.762087
F 1459.769813 957.197139 0.785398
E -2.357631 60.095668 588.090166 0.775429
F 1491.564462 988.824858 0.783147
E -2.357618 61.112183 618.456176 0.788545
F 1523.263690 1020.548212 0.785398
E -2.357604 62.112066 649.328262 0.801447
F 1523.263690 1020.548212 0.785398
E -2.357604 62.112066 649.328262 0.801447
F 1555.058338 1052.175931 0.783147
E -2.357592 63.096106 680.698178 0.814144
F 1586.757566 1083.899285 0.785398
E -2.357580 64.065034 712.558074 0.826647
F 1618.552214 1115.527005 0.783147
E -2.357569 65.019524 744.900466 0.838963
F 1618.552214 1115.527005 0.783147
E -2.357569 65.019524 744.900466 0.838963
F 1650.251442 1147.250359 0.785398
E -2.357559 65.960204 777.718208 0.851100
F 1682.046091 1178.878078 0.783147
E -2.357549 66.887657 811.004465 0.863068
F 1713.241803 1211.099469 0.798908
E -2.357270 67.810682 844.751630 0.874980
F 1740.511314 1246.359716 0.895727
E -0.784042 878.612855 69.009843 0.890564
F 1740.511314 1246.359716 0.895727
E -0.784042 878.612855 69.009843 0.890564
F 1764.649474 1284.448722 0.990295
E -0.778082 912.998396 70.216224 0.905959
F 1784.890838 1324.553025 1.087114
E -0.768954 947.110548 71.595453 0.921192
F 1801.195484 1366.221983 1.181682
E -0.756957 980.701408 73.403857 0.935912
F 1813.492610 1409.244352 1.276250
E -0.742355 1013.685929 76.022791 0.950404
F 1813.492610 1409.244352 1.276250
E -0.742355 1013.685929 76.022791 0.950404
F 1821.514657 1453.091337 1.373069
E -0.725420 1045.708099 79.833637 0.964771
F 1825.364323 1498.198411 1.469888
E -0.705993 1077.166512 85.291147 0.979254
F 1824.780622 1542.421225 1.566708
E -0.685048 1106.663412 92.417257 0.993044
F 1820.129124 1587.095701 1.659024
E -0.662022 1135.250463 101.594994 1.006630
F 1820.129124 1587.095701 1.659024
E -0.662022 1135.250463 101.594994 1.006630
F 1806.867023 1630.928975 1.836901
E -0.636183 1161.622337 113.551568 1.029163
F 1785.779131 1670.453112 2.028288
E -0.607923 1182.938887 128.113092 1.052609
F 1758.495839 1705.056098 2.206166
E -0.577778 1198.968688 145.272117 1.073437
F 1758.495839 1705.056098 2.206166
E -0.577778 1198.968688 145.272117 1.073437
F 1728.339760 1733.153833 2.357024
E -0.548164 1209.578599 163.654194 1.089585
F 1693.370195 1756.899058 2.512385
E -0.516952 1216.108476 184.475554 1.106385
F 1655.959698 1774.982404 2.658740
E -0.485870 1218.196200 206.517105 1.121724
F 1655.959698 1774.982404 2.658740
E -0.485870 1218.196200 206.517105 1.121724
F 1616.432305 1787.240563 2.807347
E -0.454977 1216.009853 229.613609 1.137019
F 1576.341929 1793.995256 2.942443
E -0.425074 1209.845514 253.069978 1.150558
F 1533.894662 1794.370380 3.100056
E -0.394905 1199.156052 277.905595 1.166781
F 1492.570059 1788.559335 -3.034523
E -0.366927 1184.347318 302.239449 1.181618
F 1492.570059 1788.559335 -3.034523
E -0.366927 1184.347318 302.239449 1.181618
F 1452.904265 1776.756709 -2.885916
E -0.341496 1165.776906 325.843301 1.196147
F 1415.179297 1758.886594 -2.732806
E -0.319048 1143.390139 348.585227 1.211062
F 1380.503770 1735.668092 -2.584200
E -0.300769 1117.797028 369.699491 1.225363
F 1380.503770 1735.668092 -2.584200
E -0.300769 1117.797028 369.699491 1.225363
F 1343.696554 1710.646208 -2.550426
E -0.284570 1088.987259 391.421862 1.233936
F 1306.526791 1685.553958 -2.548174
E -0.269430 1060.620130 414.180063 1.242220
F 1269.281608 1660.573794 -2.550426
E -0.255081 1033.406661 438.285012 1.250450
F 1232.480623 1635.871248 -2.550426
E -0.241972 1007.701626 463.474071 1.258435
F 1232.480623 1635.871248 -2.550426
E -0.241972 1007.701626 463.474071 1.258435
F 1195.310859 1610.778998 -2.548174
E -0.230367 982.876438 490.278866 1.266559
F 1157.986922 1585.603333 -2.548174
E -0.221076 959.188286 518.499183 1.274693
F 1120.373651 1560.232508 -2.548174
E -0.215063 936.638528 548.256117 1.282900
F 1083.128468 1535.252343 -2.550426
E -0.213899 915.740709 578.925589 1.290870
F 1083.128468 1535.252343 -2.550426
E -0.213899 915.740709 578.925589 1.290870
F 1045.958705 1510.160094 -2.548174
E -0.220120 896.313841 610.671353 1.298792
F 1009.213433 1485.374749 -2.548174
E -0.238131 878.750964 642.814640 1.306481
F 971.889495 1460.199084 -2.548174
E -0.277349 863.059866 675.773037 1.314368
F 971.889495 1460.199084 -2.548174
E -0.277349 863.059866 675.773037 1.314368
F 934.854891 1435.218579 -2.548174
E -0.355558 850.711651 707.640131 1.322087
F 897.530953 1410.042914 -2.548174
E -0.509760 844.307772 736.051004 1.329881
F 860.496348 1385.062409 -2.548174
E -0.758346 849.821464 754.614665 1.337510
F 823.172410 1359.886744 -2.548174
E -2.571857 759.392390 871.487428 1.345215
F 823.172410 1359.886744 -2.548174
E -2.571857 759.392390 871.487428 1.345215
F 786.882148 1334.131236 -2.527910
E -2.714022 754.594650 904.009544 1.352818
F 753.034987 1304.067341 -2.431090
E -2.780974 743.994530 942.017489 1.363184
F 725.488007 1268.596551 -2.259968
E -2.799014 728.454494 980.160607 1.378948
F 725.488007 1268.596551 -2.259968
E -2.799014 728.454494 980.160607 1.378948
F 705.198510 1228.269402 -2.068581
E -2.787250 708.192649 1015.930384 1.396647
F 692.671145 1188.248599 -1.908716
E -2.761021 686.216270 1045.674059 1.410081
F 685.936030 1147.076565 -1.764613
E -2.727113 662.384250 1071.777307 1.422020
F 685.936030 1147.076565 -1.764613
E -2.727113 662.384250 1071.777307 1.422020
F 685.360157 1105.875506 -1.618258
E -2.689025 637.539793 1093.949854 1.433884
F 690.338167 1065.345426 -1.480910
E -2.648333 612.092665 1112.243224 1.444859
F 701.514483 1025.138699 -1.332303
E -2.604800 585.763524 1126.974466 1.456867
F 718.341876 991.828497 -1.156677
E -2.564353 562.331484 1135.722452 1.469869
F 718.341876 991.828497 -1.156677
E -2.564353 562.331484 1135.722452 1.469869
F 740.928602 962.511633 -0.972045
E -2.522965 539.620187 1139.232651 1.483523
F 768.355688 937.690131 -0.791916
E -2.481193 518.125692 1137.523989 1.496624
F 799.785953 918.183968 -0.611787
E -2.439981 498.553905 1130.847376 1.509611
F 799.785953 918.183968 -0.611787
E -2.439981 498.553905 1130.847376 1.509611
F 835.593712 904.710944 -0.415897
E -2.398937 481.043915 1118.887691 1.524312
F 872.623642 898.471114 -0.224510
E -2.361229 467.077374 1102.495171 1.538256
F 909.626395 899.130679 -0.039877
E -0.756778 1082.575017 456.652827 1.551308
F 948.954245 903.599548 0.081710
E -0.724707 1058.884029 448.705178 1.560118
F 948.954245 903.599548 0.081710
E -0.724707 1058.884029 448.705178 1.560118
F 994.008508 907.170304 0.079458
E -0.691076 1032.588968 442.817455 1.566781
F 1038.356162 910.819531 0.081710
E -0.660083 1009.293120 440.608272 1.573212
F 1082.879119 914.465604 0.081710
E -0.631733 988.344204 442.803904 1.579667
F 1082.879119 914.465604 0.081710
E -0.631733 988.344204 442.803904 1.579667
F 1128.281250 918.064453 0.079458
E -0.606250 969.408091 450.301503 1.586350
F 1172.976771 921.741774 0.081710
E -0.585220 952.971168 463.311664 1.592802
F 1217.683166 925.284436 0.079458
E -0.568972 938.587652 482.035438 1.599229
F 1217.683166 925.284436 0.079458
E -0.568972 938.587652 482.035438 1.599229
F 1261.866322 928.802549 0.079458
E -0.558518 926.300398 506.001373 1.605480
F 1306.561843 932.479870 0.081710
E -0.555076 915.726839 535.296467 1.611856
F 1351.268238 936.022532 0.079458
E -0.560929 907.075962 569.025342 1.618207
F 1395.963759 939.699853 0.081710
E -0.579612 900.535069 606.320861 1.624533
F 1440.670155 943.242516 0.079458
E -0.617069 896.576098 646.039504 1.630834
F 1440.670155 943.242516 0.079458
E -0.617069 896.576098 646.039504 1.630834
F 1485.549108 946.816032 0.079458
E -0.683359 896.229438 686.730123 1.637159
F 1530.080162 950.361847 0.079458
E -2.362099 725.265313 901.525341 1.643363
F 1574.959115 953.935363 0.079458
E -2.520530 758.232427 916.067462 1.649639
F 1574.959115 953.935363 0.079458
E -2.520530 758.232427 916.067462 1.649639
F 1619.798710 957.980171 0.088464
E -2.701513 781.157952 943.417361 1.655912
F 1662.854503 970.755605 0.259587
E -2.842451 790.233234 983.608957 1.668913
F 1697.000835 994.465576 0.543290
E -2.903461 785.463049 1026.919042 1.692677
F 1718.826232 1020.292270 0.777458
E -2.911225 773.941405 1061.657380 1.708568
F 1718.826232 1020.292270 0.777458
E -2.911225 773.941405 1061.657380 1.708568
F 1734.323251 1051.138059 1.016129
E -2.894353 757.266805 1093.555785 1.724933
F 1742.064181 1083.490128 1.243542
E -2.863152 737.823258 1119.183936 1.739729
F 1742.110644 1117.303793 1.477710
E -2.822056 715.752650 1138.973830 1.755194
F 1742.110644 1117.303793 1.477710
E -2.822056 715.752650 1138.973830 1.755194
F 1733.874017 1150.852353 1.720884
E -2.774042 691.823822 1151.866958 1.771607
F 1718.668262 1180.644287 1.950548
E -2.724412 668.334304 1157.033848 1.786274
F 1697.249298 1206.096327 2.177961
E -2.674123 645.682175 1155.193567 1.800565
F 1671.390003 1225.838640 2.396368
E -2.625608 625.076795 1147.050406 1.813753
F 1671.390003 1225.838640 2.396368
E -2.625608 625.076795 1147.050406 1.813753
F 1641.284203 1239.553228 2.621529
E -2.578426 606.494006 1132.948095 1.827581
F 1608.556614 1246.338122 2.846690
E -2.534322 590.746213 1113.573453 1.841368
F 1566.203365 1256.161601 2.902981
E -2.480740 573.315368 1085.861223 1.847258
F 1566.203365 1256.161601 2.902981
E -2.480740 573.315368 1085.861223 1.847258
F 1522.938919 1266.564436 2.905232
E -2.429229 558.507750 1060.279394 1.852717
F 1479.508949 1277.025092 2.905232
E -2.381049 547.803371 1038.122250 1.858200
F 1435.739683 1287.567471 2.905232
E -0.765791 1018.979067 542.788698 1.863754
F 1392.649010 1297.946403 2.905232
E -0.726253 1002.834134 544.849968 1.869121
F 1392.649010 1297.946403 2.905232
E -0.726253 1002.834134 544.849968 1.869121
F 1348.879743 1308.488782 2.905232
E -0.690378 988.774413 555.012649 1.874642
F 1305.110477 1319.031161 2.905232
E -0.658677 976.705255 573.744670 1.880147
F 1261.680507 1329.491817 2.905232
E -0.631173 966.382363 600.704555 1.885551
F 1217.911241 1340.034196 2.905232
E -0.607328 957.377759 635.784407 1.891024
F 1217.911241 1340.034196 2.905232
E -0.607328 957.377759 635.784407 1.891024
F 1172.870547 1346.007241 2.995297
E -0.591212 948.619380 677.550103 1.898236
F 1127.972405 1347.498830 3.092116
E -0.594035 939.621823 722.758105 1.905553
F 1083.140347 1344.643213 -3.094250
E -0.636607 931.456009 769.382154 1.912842
F 1083.140347 1344.643213 -3.094250
E -0.636607 931.456009 769.382154 1.912842
F 1038.952728 1337.600642 -2.999682
E -0.769787 927.825024 812.638384 1.919975
F 995.284910 1326.351429 -2.905114
E -2.624697 841.861505 939.147019 1.927164
F 953.413655 1311.063877 -2.808295
E -2.881331 847.299442 973.700955 1.934289
F 953.413655 1311.063877 -2.808295
E -2.881331 847.299442 973.700955 1.934289
F 913.295258 1291.197763 -2.700218
E -2.990632 838.513455 1021.673283 1.941894
F 877.754423 1263.362683 -2.508831
E -3.014437 822.330940 1073.087487 1.954502
F 848.417356 1229.507209 -2.317443
E -2.995724 801.137457 1122.026635 1.966948
F 826.245913 1194.138560 -2.164334
E -2.960496 778.676370 1164.234745 1.976054
F 826.245913 1194.138560 -2.164334
E -2.960496 778.676370 1164.234745 1.976054
F 809.262931 1156.818607 -2.029237
E -2.918050 755.394516 1202.358386 1.983948
F 797.766884 1117.997280 -1.891889
E -2.871808 731.919485 1236.476093 1.991823
F 791.949687 1076.673543 -1.743282
E -2.820918 707.684810 1267.333107 2.000550
F 787.561802 1033.941458 -1.684740
E -2.767899 683.756634 1296.712712 2.005909
F 787.561802 1033.941458 -1.684740
E -2.767899 683.756634 1296.712712 2.005909
F 782.482709 989.559137 -1.684740
E -2.715720 661.506897 1328.919950 2.010975
F 777.403616 945.176816 -1.684740
E -2.667090 642.503303 1364.398081 2.016029
F 772.364203 901.141232 -1.684740
E -2.621687 626.862561 1402.742627 2.020991
F 772.364203 901.141232 -1.684740
E -2.621687 626.862561 1402.742627 2.020991
F 767.343264 856.225455 -1.682489
E -2.577826 614.087386 1444.931567 2.026139
F 762.403015 812.178636 -1.682489
E -2.536930 604.473244 1489.266868 2.031077
F 757.384967 767.438166 -1.682489
E -2.497413 597.404109 1537.284963 2.036159
F 752.366918 722.697696 -1.682489
E -2.459830 592.737966 1588.218559 2.041228
F 752.366918 722.697696 -1.682489
E -2.459830 592.737966 1588.218559 2.041228
F 747.387770 678.304052 -1.682489
E -2.424386 590.155184 1641.534509 2.046207
F 746.481729 633.067541 -1.603682
E -2.388862 589.285368 1696.170421 2.052473
F 749.960339 588.457645 -1.509114
E -0.781654 1748.270999 590.084256 2.059122
F 749.960339 588.457645 -1.509114
E -0.781654 1748.270999 590.084256 2.059122
F 757.733211 544.565804 -1.412295
E -0.743996 1797.519037 592.639005 2.065792
F 769.855963 500.948067 -1.315476
E -0.704521 1844.554301 597.135326 2.072595
F 785.766742 459.499851 -1.220908
E -0.664803 1887.604270 603.457942 2.079103
F 785.766742 459.499851 -1.220908
E -0.664803 1887.604270 603.457942 2.079103
F 809.175211 420.780642 -1.054289
E -0.622848 1925.582441 612.025106 2.089265
F 839.407839 387.498016 -0.865153
E -0.579139 1953.748398 622.929289 2.100792
F 872.904931 361.112082 -0.700785
E -0.536276 1970.892872 635.516640 2.110159
F 908.394326 338.662574 -0.588205
E -0.493288 1980.762401 649.906407 2.116733
F 908.394326 338.662574 -0.588205
E -0.493288 1980.762401 649.906407 2.116733
F 945.849015 313.681846 -0.588205
E -0.446762 1990.474150 667.190530 2.121610
F 982.723010 289.088417 -0.588205
E -0.400826 2003.806549 685.633978 2.126326
F 1021.970510 267.307486 -0.518405
E -0.354132 2018.312609 705.515716 2.132036
F 1062.842983 249.538770 -0.426089
E -0.307369 2029.997867 726.375220 2.138323
F 1062.842983 249.538770 -0.426089
E -0.307369 2029.997867 726.375220 2.138323
F 1105.785042 235.753306 -0.327018
E -0.259564 2037.850759 748.463776 2.144939
F 1150.019297 226.120092 -0.230198
E -0.211075 2041.561082 771.429983 2.151492
F 1194.445554 220.786121 -0.135631
E -0.162642 2041.263203 794.708549 2.157836
F 1194.445554 220.786121 -0.135631
E -0.162642 2041.263203 794.708549 2.157836
F 1239.357050 219.773465 -0.038811
E -0.113497 2036.971414 818.463309 2.164276
F 1283.637918 222.984730 0.055757
E -0.064382 2028.782875 842.139734 2.170509
F 1328.615963 230.606214 0.152576
E -0.013298 2016.380866 866.496066 2.177059
F 1371.135546 242.112728 0.247144
E 0.036670 2000.585014 889.874216 2.183184
F 1371.135546 242.112728 0.247144
E 0.036670 2000.585014 889.874216 2.183184
F 1413.380191 257.886536 0.341711
E 0.088575 1980.636998 913.510496 2.189509
F 1454.171692 277.927335 0.440782
E 0.141735 1956.688577 936.862247 2.196044
F 1492.591439 301.535513 0.535350
E 0.195470 1929.206843 959.420351 2.202331
F 1492.591439 301.535513 0.535350
E 0.195470 1929.206843 959.420351 2.202331
F 1528.105210 328.474024 0.632169
E 0.249716 1898.544686 980.971211 2.208569
F 1561.119701 358.938944 0.728989
E 0.305719 1864.156558 1001.788979 2.214862
F 1591.244608 392.493572 0.823557
E 0.363643 1826.423509 1021.646381 2.221096
F 1617.616980 428.209191 0.918124
E 0.422761 1786.377851 1040.032490 2.227171
F 1617.616980 428.209191 0.918124
E 0.422761 1786.377851 1040.032490 2.227171
F 1642.072637 465.631425 0.981169
E 0.485713 1744.540940 1057.364595 2.232430
F 1667.107617 502.839785 0.978918
E 0.555505 1705.264170 1073.681601 2.237020
F 1692.225775 540.202448 0.978918
E 0.634690 1671.859510 1088.606022 2.241635
F 1692.225775 540.202448 0.978918
E 0.634690 1671.859510 1088.606022 2.241635
F 1717.149218 577.275478 0.978918
E 0.722697 1645.575582 1101.124143 2.246170
F 1742.071997 614.559085 0.981169
E 2.390627 1110.472075 1627.008192 2.250731
F 1767.106977 651.767445 0.978918
E 2.494333 1115.762358 1617.301914 2.255284
F 1792.419850 689.419741 0.978918
E 2.601925 1116.458849 1617.195024 2.259933
F 1792.419850 689.419741 0.978918
E 2.601925 1116.458849 1617.195024 2.259933
F 1813.527508 729.059605 1.066731
E 2.706975 1112.508547 1622.725921 2.265796
F 1830.370322 769.761379 1.161299
E 2.807230 1104.414385 1629.141803 2.271682
F 1843.615101 813.051607 1.258118
E 2.906628 1092.135787 1636.070950 2.277870
F 1843.615101 813.051607 1.258118
E 2.906628 1092.135787 1636.070950 2.277870
F 1852.682577 857.224042 1.352686
E 3.001504 1076.400991 1643.042651 2.283932
F 1859.342390 901.425265 1.411228
E 3.091007 1057.905215 1651.241194 2.288968
F 1866.584681 945.683163 1.408976
E -3.108322 1037.224495 1664.411004 2.293445
F 1873.637774 989.618173 1.411228
E -3.032074 1015.537356 1684.050935 2.297843
F 1873.637774 989.618173 1.411228
E -3.032074 1015.537356 1684.050935 2.297843
F 1880.735819 1033.722655 1.411228
E -2.962274 993.409836 1709.537081 2.302267
F 1887.978109 1077.980553 1.408976
E -2.898491 971.539576 1740.487759 2.306718
F 1895.087044 1122.260066 1.411228
E -2.840235 950.535657 1776.197756 2.311160
F 1895.087044 1122.260066 1.411228
E -2.840235 950.535657 1776.197756 2.311160
F 1902.441017 1167.206971 1.408976
E -2.785978 930.482446 1816.900409 2.315733
F 1909.582121 1210.950919 1.408976
E -2.737322 912.464760 1860.545294 2.320055
F 1916.691055 1255.230433 1.411228
E -2.691626 895.858662 1908.312875 2.324471
F 1916.691055 1255.230433 1.411228
E -2.691626 895.858662 1908.312875 2.324471
F 1923.844553 1299.679481 1.411228
E -2.648882 880.895082 1959.684178 2.328913
F 1931.086844 1343.937379 1.408976
E -2.609146 867.715044 2014.210588 2.333313
F 1938.195778 1388.216892 1.411228
E -2.571914 856.197071 2071.819290 2.337705
F 1945.158862 1430.752272 1.408976
E -2.538269 846.616949 2129.931115 2.341754
F 1946.125249 1437.136396 1.411228
E -2.533396 845.298093 2138.857038 2.341846
F 1946.125249 1437.136396 1.411228
E -2.533396 845.298093 2138.857038 2.341846
F 1946.125249 1437.136396 1.411228
E -2.533396 845.298093 2138.857038 2.341846
F 1946.125249 1437.136396 1.411228
E -2.533396 845.298093 2138.857038 2.341846
F 1946.125249 1437.136396 1.411228
E -2.533396 845.298093 2138.857038 2.341846
F 1946.125249 1437.136396 1.411228
E -2.533396 845.298093 2138.857038 2.341846
F 1946.125249 1437.136396 1.411228
E -2.533396 845.298093 2138.857038 2.341846
F 1946.125249 1437.136396 1.411228
E -2.533396 845.298093 2138.857038 2.341846
