F 521.213203 21.213203 0.785398
E 0.000000 0.000000 0.000000 0.000000
W C 982.8 75.6 1848.5 695.7 1577.5 1429.6 920.3 1219.8 483.8 820.0 223.5 1586.7
W E 0.117 600.0 365.0 -2.671 600.0 1169.2 -0.644 1382.6 600.0 -0.321 992.1 600.0 0.047 628.0 600.0 0.188 1251.5 600.0
D C 364.9 -287.9 1415.4 -461.6 1742.8 248.9 1129.7 565.4 538.4 591.2 896.5 1317.5
F 521.213203 21.213203 0.785398
E 0.000000 0.000000 0.000000 0.000000
W C 983.5 75.7 1849.1 696.0 1577.2 1429.2 920.3 1219.9 483.8 821.6 223.4 1587.6
W E 0.117 424.3 258.1 -2.671 424.3 826.8 -0.644 977.7 424.3 -0.321 701.6 424.3 0.047 444.1 424.3 0.188 885.0 424.3
D C 366.0 -288.8 1416.7 -462.0 1741.8 248.8 1129.9 565.4 540.6 593.7 897.6 1319.0
F 521.213203 21.213203 0.785398
E 0.000000 0.000000 0.000000 0.000000
W C 983.9 75.7 1849.7 696.3 1577.1 1429.1 920.4 1220.4 483.7 822.6 223.0 1589.4
W E 0.117 346.4 210.9 -2.671 346.4 675.2 -0.644 798.2 346.4 -0.321 572.8 346.4 0.047 362.8 346.4 0.188 722.7 346.4
D C 366.2 -289.0 1418.2 -462.5 1741.8 248.8 1131.1 566.1 541.5 594.6 900.0 1322.6
F 521.213203 21.213203 0.785398
E 0.000000 0.000000 0.000000 0.000000
W C 984.0 75.8 1849.9 696.4 1576.4 1428.0 920.4 1220.2 483.7 822.7 223.1 1588.8
W E 0.117 300.0 182.7 -2.671 300.0 584.8 -0.644 691.2 300.0 -0.321 496.1 300.0 0.047 314.4 300.0 0.188 626.1 300.0
D C 366.2 -288.9 1417.4 -462.3 1737.0 248.1 1129.5 565.3 540.5 593.6 896.8 1317.9
F 521.213203 21.213203 0.785398
E 0.000000 0.000000 0.000000 0.000000
W C 983.8 75.7 1850.3 696.6 1576.2 1427.9 920.3 1219.9 483.7 821.8 223.1 1588.9
W E 0.117 268.3 163.5 -2.671 268.3 523.2 -0.644 618.1 268.3 -0.321 443.8 268.3 0.047 281.4 268.3 0.188 560.1 268.3
D C 365.1 -288.1 1419.4 -462.9 1739.8 248.5 1128.6 564.8 537.0 589.7 898.0 1319.6
F 521.213203 21.213203 0.785398
E 0.000000 0.000000 0.000000 0.000000
W C 983.7 75.7 1849.7 696.3 1576.2 1427.8 920.3 1219.9 483.8 821.4 223.2 1588.6
W E 0.117 244.9 149.2 -2.671 244.9 477.7 -0.644 564.2 244.9 -0.321 405.1 244.9 0.047 256.9 244.9 0.188 511.4 244.9
D C 365.1 -288.1 1413.4 -460.9 1740.2 248.6 1129.9 565.5 538.2 591.0 896.5 1317.5
F 521.213203 21.213203 0.785398
E 0.000000 0.000000 0.000000 0.000000
W C 983.6 75.7 1849.9 696.4 1575.7 1427.1 920.4 1220.3 483.8 821.5 223.2 1588.5
W E 0.117 226.8 138.2 -2.671 226.8 442.2 -0.644 522.3 226.8 -0.321 375.1 226.8 0.047 237.8 226.8 0.188 473.5 226.8
D C 364.7 -287.8 1418.5 -462.6 1734.9 247.8 1132.6 566.8 539.8 592.8 897.2 1318.4
F 521.213203 21.213203 0.785398
E 0.000000 0.000000 0.000000 0.000000
W C 983.5 75.7 1850.0 696.4 1575.6 1427.0 920.5 1220.5 483.7 821.7 223.2 1588.5
W E 0.117 212.1 129.3 -2.671 212.1 413.7 -0.644 488.5 212.1 -0.321 350.8 212.1 0.047 222.5 212.1 0.188 442.9 212.1
D C 364.9 -287.9 1417.5 -462.3 1738.0 248.2 1131.9 566.5 540.7 593.8 897.5 1318.9
F 521.213203 21.213203 0.785398
E 0.000000 0.000000 0.000000 0.000000
W C 983.4 75.7 1850.0 696.4 1575.6 1427.0 920.6 1220.8 483.7 821.7 223.2 1588.6
W E 0.117 200.0 121.9 -2.671 200.0 390.1 -0.644 460.5 200.0 -0.321 330.8 200.0 0.047 209.7 200.0 0.188 417.6 200.0
D C 365.2 -288.2 1416.6 -462.0 1739.8 248.5 1132.5 566.8 539.6 592.6 898.1 1319.8
F 521.213203 21.213203 0.785398
E 0.000000 0.000000 0.000000 0.000000
W C 983.5 75.7 1849.7 696.8 1575.6 1427.0 920.6 1220.7 483.7 821.7 223.2 1588.5
W E 0.117 189.7 115.6 -2.671 189.7 370.1 -0.644 436.8 189.7 -0.321 313.8 189.7 0.047 199.0 189.7 0.188 396.2 189.7
D C 365.8 -288.6 1417.7 -457.6 1739.7 248.5 1129.9 565.5 539.5 592.4 897.2 1318.4
F 521.213203 21.213203 0.785398
E 0.000000 0.000000 0.000000 0.000000
W C 983.3 75.7 1849.9 696.8 1575.6 1426.9 920.6 1221.0 483.7 821.8 223.2 1588.7
W E 0.117 180.9 110.2 -2.671 180.9 352.8 -0.644 416.5 180.9 -0.321 299.2 180.9 0.047 189.7 180.9 0.188 377.7 180.9
D C 364.1 -287.3 1419.0 -462.8 1739.0 248.4 1133.0 567.0 539.7 592.7 898.8 1320.8
F 521.213203 21.213203 0.785398
E 0.000000 0.000000 0.000000 0.000000
W C 983.3 75.7 1849.9 696.8 1575.7 1427.2 920.7 1221.1 483.7 821.7 223.2 1588.6
W E 0.117 173.2 105.5 -2.671 173.2 337.8 -0.644 398.7 173.2 -0.321 286.5 173.2 0.047 181.7 173.2 0.188 361.7 173.2
D C 364.5 -287.7 1416.9 -462.1 1743.3 249.0 1132.5 566.8 539.1 592.1 896.9 1318.1
F 521.213203 21.213203 0.785398
E 0.000000 0.000000 0.000000 0.000000
W C 983.2 75.7 1850.3 697.0 1575.8 1427.3 920.7 1221.0 483.7 821.9 223.2 1588.6
W E 0.117 166.4 101.4 -2.671 166.4 324.6 -0.644 383.0 166.4 -0.321 275.3 166.4 0.047 174.5 166.4 0.188 347.5 166.4
D C 365.0 -288.0 1423.0 -464.1 1741.8 248.8 1130.1 565.6 541.0 594.1 897.9 1319.5
F 538.723130 38.726076 0.785447
E 2.356215 0.952048 6.130702 0.076843
W C 984.6 77.0 1851.5 698.2 1577.1 1428.6 921.9 1222.3 485.0 823.1 224.4 1589.8
W E 0.115 160.3 97.4 -2.672 160.4 312.6 -0.643 368.9 160.4 -0.321 265.1 160.4 0.048 168.0 160.4 0.189 334.7 160.4
D C 365.2 -288.2 1416.0 -461.8 1740.2 248.6 1131.2 566.1 539.4 592.4 896.8 1317.9
F 570.010541 69.964667 0.784845
E 2.356246 4.925640 12.550591 0.144119
W C 987.6 80.1 1853.8 700.7 1579.0 1430.7 923.3 1222.0 487.3 825.4 226.3 1592.3
W E 0.106 154.8 93.6 -2.673 154.9 301.6 -0.643 356.1 154.9 -0.319 255.7 154.9 0.047 162.0 154.9 0.191 323.4 154.9
D C 352.2 -286.8 1402.9 -457.5 1715.5 250.4 1074.3 550.0 518.5 594.6 878.1 1325.0
F 601.597303 101.464126 0.783700
E 0.783615 16.717514 10.295719 0.172668
W C 991.0 83.5 1856.5 702.9 1581.7 1432.5 925.5 1222.5 490.2 828.1 228.7 1594.8
W E 0.092 149.6 90.0 -2.674 150.0 291.9 -0.643 344.7 150.0 -0.317 247.3 150.0 0.042 156.6 150.0 0.194 313.5 150.0
D C 313.8 -287.5 1365.2 -463.9 1681.8 240.2 1048.8 549.2 488.9 592.9 846.9 1321.6
F 633.415736 132.827849 0.781104
E 0.774468 20.029952 15.904686 0.190880
W C 995.2 87.6 1858.8 704.9 1584.6 1434.0 927.9 1222.5 493.5 830.3 228.9 1594.9
W E 0.071 144.6 86.7 -2.675 145.6 283.1 -0.642 334.5 145.5 -0.315 239.7 145.6 0.031 151.8 145.5 0.194 313.2 150.0
D C 279.2 -282.2 1324.1 -454.4 1640.5 244.6 1000.7 547.8 445.3 586.2
F 633.315227 132.692682 0.780888
E 0.774072 19.979235 14.995048 0.171439
W C 997.3 90.1 1858.5 705.5 1586.4 1434.6 929.5 1221.8 495.9 831.6 229.0 1594.9
W E 0.057 140.2 84.0 -2.677 141.5 275.5 -0.641 325.6 141.5 -0.313 233.1 141.5 0.026 147.6 141.4 0.194 313.1 150.0
D C 260.9 -280.4 1277.2 -447.1 1622.9 242.0 985.4 543.3 432.6 584.3
F 665.056112 163.854349 0.778790
E 0.750150 22.755406 20.131355 0.192357
W C 999.6 92.5 1858.2 705.7 1587.6 1434.6 930.9 1220.8 497.8 832.6 229.1 1594.9
W E 0.035 135.7 81.4 -2.678 137.7 268.3 -0.641 317.3 137.7 -0.310 226.8 137.7 0.013 143.7 137.6 0.194 313.1 150.0
D C 216.5 -277.0 1229.1 -443.0 1564.3 248.0 933.0 544.7 379.5 588.2
F 696.840341 194.930289 0.777927
E -0.222100 25.405274 25.115456 0.202697
W C 1003.7 95.7 1858.3 706.2 1589.6 1434.7 933.1 1220.1 500.1 834.2 229.1 1594.9
W E 0.005 131.0 79.0 -2.680 134.3 261.5 -0.640 309.5 134.3 -0.308 220.9 134.3 -0.009 140.1 134.1 0.194 313.1 150.0
D C 187.9 -278.9 1197.8 -440.1 1532.9 243.0 902.1 541.6 348.6 590.7
F 728.563925 225.702887 0.773393
E -0.733488 30.393614 27.371881 0.208164
W C 1009.2 99.1 1859.0 707.0 1592.0 1434.9 935.5 1220.1 502.9 836.3 229.2 1594.9
W E -0.030 126.0 76.9 -2.681 131.1 255.1 -0.640 302.2 131.1 -0.305 215.3 131.1 -0.039 136.8 130.8 0.194 313.0 150.0
D C 155.6 -276.2 1169.5 -441.9 1500.5 242.6 873.3 546.4 318.8 593.1
F 760.174833 256.262557 0.771958
E -0.757690 35.301968 29.350316 0.211591
W C 1016.3 102.7 1859.8 707.8 1594.4 1435.5 938.0 1220.2 505.7 838.6 229.1 1594.8
W E -0.072 120.7 75.0 -2.683 128.1 249.0 -0.639 295.2 128.1 -0.303 210.0 128.1 -0.072 133.8 127.7 0.194 313.0 150.0
D C 124.8 -274.1 1131.1 -439.3 1466.0 246.2 832.9 546.4 280.4 594.1
F 759.917749 255.833020 0.770548
E -0.751441 34.113203 29.195934 0.188648
W C 1020.0 104.8 1860.1 708.2 1595.8 1435.5 939.6 1219.9 507.4 840.1 229.1 1594.8
W E -0.105 116.7 73.2 -2.685 125.4 243.6 -0.638 289.0 125.4 -0.300 205.3 125.4 -0.094 131.0 124.8 0.194 313.0 150.0
D C 113.1 -277.2 1117.5 -438.0 1443.4 251.6 818.1 551.1 264.3 597.6
F 791.796494 286.702682 0.768031
E -0.767620 38.713762 31.048324 0.204533
W C 1023.5 106.4 1860.0 708.5 1596.9 1435.3 941.0 1219.6 508.5 841.5 229.1 1594.8
W E -0.144 112.2 71.7 -2.687 122.8 238.4 -0.638 283.1 122.8 -0.298 200.8 122.8 -0.119 128.6 122.0 0.194 313.0 150.0
D C 67.3 -274.8 1066.3 -436.9 1395.6 247.7 770.4 547.0 214.8 601.8
F 823.176446 318.388445 0.777727
E -2.356244 32.859398 43.494480 0.216453
W C 1023.8 106.6 1859.4 710.4 1597.1 1436.5 941.9 1219.5 509.7 842.9 229.0 1594.8
W E -0.148 112.1 71.5 -2.688 120.4 233.5 -0.637 277.6 120.4 -0.296 196.5 120.4 -0.140 126.3 119.3 0.194 313.0 150.0
D C 1026.6 -435.5 1364.7 246.5 735.6 539.4 184.2 595.6
F 823.281694 318.421004 0.777331
E -2.361109 32.758047 42.590473 0.196218
W C 1023.8 106.6 1858.5 710.5 1597.0 1436.1 942.0 1218.6 509.6 843.2 229.1 1594.8
W E -0.150 112.1 71.4 -2.690 118.2 229.2 -0.637 272.6 118.1 -0.294 192.8 118.2 -0.152 124.3 116.9 0.194 313.0 150.0
D C 997.1 -433.8 1324.9 251.9 698.2 545.7 146.0 600.5
F 854.944049 350.130700 0.779095
E -2.375647 34.454059 46.594952 0.206056
W C 1023.9 106.7 1857.5 711.5 1596.5 1436.5 941.9 1218.2 509.4 843.7 231.7 1596.0
W E -0.152 112.0 71.2 -2.692 116.0 224.3 -0.636 267.1 116.0 -0.293 188.5 116.1 -0.180 122.2 114.4 0.207 300.5 145.8
D C 958.2 -434.5 1292.7 249.9 666.4 544.3 474.7 1317.1 112.0 603.8
F 886.175567 381.267647 0.777641
E -2.384455 35.898147 50.523213 0.207375
W C 1030.2 107.6 1856.3 713.0 1596.3 1437.0 942.1 1218.0 509.6 844.8 234.5 1597.3
W E -0.198 105.3 70.3 -2.693 114.0 219.5 -0.636 261.7 114.0 -0.292 184.4 114.1 -0.203 120.3 112.1 0.220 290.1 141.9
D C -47.4 -285.1 925.1 -422.9 1257.2 251.0 631.5 545.5 438.5 1317.1 81.6 604.0
F 917.161797 412.444286 0.775656
E -2.390929 37.284429 54.433762 0.208702
W C 1036.0 108.2 1855.5 715.0 1595.9 1437.8 942.4 1218.2 509.8 846.2 237.2 1598.9
W E -0.239 100.0 69.6 -2.695 112.2 215.0 -0.635 256.5 112.1 -0.292 180.4 112.2 -0.219 118.5 109.8 0.232 281.1 138.4
D C -78.6 -288.4 896.0 -426.3 1220.4 251.5 601.9 546.3 407.1 1316.5 48.0 606.7
F 948.489768 444.203750 0.783286
E -2.395907 38.711479 58.421021 0.212438
W C 1036.1 108.2 1854.8 716.7 1595.4 1438.6 942.8 1218.1 509.9 847.2 238.7 1599.9
W E -0.242 99.9 69.5 -2.696 110.4 210.6 -0.635 251.6 110.3 -0.292 176.7 110.4 -0.227 117.0 107.6 0.243 273.1 135.2
D C 848.2 -429.4 1172.2 252.8 550.1 540.9 358.9 1316.4 -4.2 609.6
F 979.297563 475.956032 0.789581
E -2.399787 40.064783 62.388867 0.214425
W C 1036.1 108.1 1854.6 719.6 1594.9 1440.2 943.7 1218.6 510.5 848.9 239.9 1601.4
W E -0.244 99.8 69.4 -2.698 108.7 206.5 -0.634 246.9 108.6 -0.293 173.1 108.7 -0.228 115.6 105.5 0.254 265.8 132.3
D C 833.9 -428.6 1149.7 255.4 535.0 545.7 342.8 1320.9 -21.1 610.9
F 979.206551 475.839946 0.790400
E -2.401984 39.890105 61.400367 0.191094
W C 1036.1 108.0 1854.2 720.8 1594.5 1440.6 944.1 1218.5 510.5 849.7 240.9 1602.3
W E -0.244 99.8 69.4 -2.699 107.1 202.8 -0.634 242.6 107.0 -0.294 169.9 107.1 -0.228 114.3 103.6 0.263 259.5 129.6
D C 801.3 -430.7 1119.8 252.3 506.2 542.3 317.0 1321.4 -51.5 614.4
F 1010.932060 507.495355 0.790551
E -2.404243 41.196835 65.264192 0.205872
W C 1036.0 108.0 1853.3 721.7 1594.3 1440.7 944.3 1218.1 510.5 850.3 241.6 1603.2
W E -0.245 99.8 69.3 -2.700 105.6 199.2 -0.634 238.5 105.5 -0.295 166.9 105.5 -0.224 113.1 101.8 0.272 253.6 127.1
D C 743.2 -420.3 1069.2 254.8 450.7 543.2 262.7 1326.0 -104.8 612.2
F 1041.986355 539.256260 0.793188
E -2.406105 42.439088 69.203082 0.212636
W C 1035.9 107.9 1852.7 724.0 1594.0 1441.7 945.2 1218.3 510.7 851.3 242.9 1604.1
W E -0.246 99.8 69.3 -2.701 104.2 195.7 -0.633 234.5 104.1 -0.298 163.9 104.0 -0.218 112.0 100.1 0.280 248.2 124.8
D C 724.6 -421.6 1054.6 251.3 437.8 541.0 248.2 1316.0 -122.5 613.4
F 1073.234156 571.084165 0.795917
E -2.407138 43.630651 73.196347 0.215924
W C 1035.8 107.8 1852.2 726.0 1593.8 1442.5 946.1 1218.5 510.8 852.3 243.8 1605.0
W E -0.246 99.8 69.3 -2.702 102.8 192.3 -0.633 230.6 102.7 -0.301 161.2 102.6 -0.209 111.0 98.5 0.288 243.1 122.7
D C 681.4 -422.0 1006.0 252.8 390.4 541.0 199.3 1322.5 -167.7 618.9
F 1073.381068 570.723647 0.794638
E -2.407779 43.427356 72.385527 0.192975
W C 1035.7 107.7 1851.5 727.2 1593.6 1442.8 946.5 1218.4 510.7 853.1 244.8 1605.7
W E -0.246 99.8 69.3 -2.702 101.5 189.3 -0.633 227.0 101.4 -0.304 158.7 101.2 -0.201 110.0 97.0 0.295 238.6 120.7
D C 664.2 -417.0 990.9 255.5 375.1 544.0 182.3 1319.4 -184.1 619.0
F 1104.761908 602.152728 0.792501
E -2.407438 44.604755 76.354763 0.211672
W C 1035.6 107.7 1851.0 728.7 1593.3 1443.5 947.2 1218.5 510.8 853.1 245.8 1606.6
W E -0.246 99.7 69.2 -2.702 100.3 186.4 -0.633 223.7 100.1 -0.308 156.4 99.9 -0.207 109.9 96.9 0.302 234.5 118.9
D C 632.6 -416.4 954.7 261.8 340.5 546.0 145.9 1324.3
F 1135.991301 633.701768 0.794400
E -2.406421 45.741262 80.454503 0.221118
W C 1035.5 107.6 1850.6 730.7 1593.2 1444.4 948.4 1219.0 510.8 853.1 246.9 1607.5
W E -0.247 99.7 69.2 -2.702 99.1 183.7 -0.633 220.5 99.0 -0.312 154.2 98.5 -0.210 109.9 96.8 0.308 230.6 117.2
D C 600.0 -416.4 924.3 259.6 313.0 545.7 117.1 1324.1
F 1167.090540 665.106678 0.793765
E -2.405194 46.825006 84.618455 0.225724
W C 1035.4 107.6 1850.3 732.9 1593.3 1445.4 949.9 1219.6 510.8 853.0 247.7 1608.7
W E -0.247 99.7 69.2 -2.702 98.0 181.1 -0.633 217.3 97.8 -0.317 152.3 97.2 -0.212 109.8 96.8 0.314 227.0 115.7
D C 565.1 -415.8 892.5 259.6 281.0 546.6 85.1 1335.0
F 1198.566195 696.386387 0.792272
E -2.403794 47.866560 88.830240 0.228207
W C 1035.2 107.5 1850.0 735.1 1593.3 1446.4 951.2 1220.3 510.9 852.9 248.6 1609.7
W E -0.247 99.7 69.2 -2.701 96.9 178.5 -0.633 214.3 96.7 -0.322 150.4 95.9 -0.213 109.8 96.8 0.320 223.6 114.3
D C 518.1 -408.9 845.8 268.6 232.5 552.9 27.6 1332.7
F 1198.507407 695.905815 0.791620
E -2.403978 47.637688 88.061778 0.205310
W C 1035.1 107.4 1849.7 736.4 1593.2 1447.0 952.0 1220.7 510.9 852.9 249.3 1610.6
W E -0.247 99.7 69.2 -2.700 95.8 176.3 -0.633 211.5 95.7 -0.326 148.8 94.7 -0.214 109.8 96.7 0.325 220.5 112.9
D C 506.2 -414.8 830.8 263.9 219.6 550.2 23.5 1330.5
F 1229.705761 727.024193 0.791243
E -2.402945 48.635451 92.164486 0.218997
W C 1035.0 107.4 1849.5 738.3 1593.3 1447.7 953.1 1221.3 510.9 852.9 249.9 1611.5
W E -0.247 99.7 69.2 -2.699 94.8 174.2 -0.634 208.9 94.7 -0.330 147.3 93.5 -0.215 109.8 96.7 0.330 217.6 111.7
D C 477.6 -411.3 797.6 264.2 186.2 548.0 -17.4 1336.7
F 1260.680945 758.239136 0.794799
E -2.401731 49.592140 96.363199 0.225906
W C 1034.9 107.3 1849.5 740.5 1593.5 1448.6 954.5 1222.1 511.0 852.8 250.6 1612.4
W E -0.247 99.7 69.2 -2.697 93.8 172.1 -0.634 206.3 93.7 -0.335 145.9 92.3 -0.216 109.7 96.7 0.334 214.8 110.5
D C 442.9 -413.4 768.5 265.0 157.6 551.3 -42.1 1337.7
F 1291.555222 789.212987 0.794250
E -2.400422 50.497723 100.607104 0.229347
W C 1034.7 107.2 1849.7 743.1 1593.8 1449.5 956.0 1223.2 511.0 852.7 251.3 1613.4
W E -0.247 99.7 69.2 -2.695 92.8 170.2 -0.635 203.7 92.8 -0.338 144.7 91.1 -0.217 109.7 96.7 0.339 212.2 109.5
D C 412.3 -411.7 732.1 265.1 123.6 552.2 -83.4 1341.0
F 1291.325619 788.405872 0.793997
E -2.400350 50.220172 99.896079 0.206944
W C 1034.6 107.1 1849.8 744.7 1593.9 1450.2 957.0 1224.0 511.0 852.7 251.7 1614.1
W E -0.248 99.7 69.2 -2.693 91.9 168.5 -0.635 201.5 91.9 -0.342 143.6 90.0 -0.218 109.7 96.7 0.342 209.9 108.4
D C 396.0 -412.7 718.6 267.7 109.5 552.9 -99.9 1340.5
F 1322.613668 819.512021 0.794531
E -2.399177 51.109354 104.084263 0.221050
W C 1034.5 107.0 1850.0 746.0 1594.0 1450.8 958.0 1224.7 511.0 852.6 252.0 1614.9
W E -0.248 99.7 69.2 -2.690 90.9 166.9 -0.636 199.3 91.1 -0.345 142.5 88.8 -0.218 109.7 96.7 0.346 207.6 107.5
D C 351.1 -414.0 669.9 270.9 62.8 555.0 -150.2 1344.9
F 1353.672301 850.396166 0.792994
E -2.398017 51.948436 108.357734 0.228090
W C 1034.3 107.0 1850.4 747.8 1594.3 1451.4 959.0 1225.6 511.1 852.6 252.1 1615.7
W E -0.248 99.7 69.1 -2.688 90.0 165.4 -0.637 197.2 90.2 -0.347 141.6 87.7 -0.219 109.7 96.7 0.349 205.5 106.6
D C 320.9 -415.8 639.9 270.2 31.9 553.6 -180.6 1353.2
F 1384.511321 881.210811 0.794372
E -2.396830 52.747249 112.706344 0.231898
W C 1034.1 106.9 1851.2 750.1 1594.6 1452.3 960.1 1226.8 511.0 852.5 252.7 1616.5
W E -0.248 99.7 69.1 -2.684 89.0 164.0 -0.638 195.2 89.4 -0.348 140.8 86.7 -0.220 109.6 96.7 0.353 203.5 105.8
D C 291.5 -415.9 612.0 274.1 1.3 557.3 -209.2 1346.5
F 1415.603388 911.903702 0.792905
E -2.394697 53.534690 117.396324 0.242001
W C 1034.0 106.8 1852.3 752.3 1595.5 1453.0 961.2 1228.4 511.0 852.4 252.9 1616.4
W E -0.248 99.7 69.1 -2.682 88.0 163.0 -0.639 193.5 88.6 -0.349 140.1 85.7 -0.220 109.6 96.7 0.352 203.2 105.8
D C 259.1 -419.8 579.9 274.8 -29.7 560.6
F 1415.700079 911.100286 0.790290
E -2.394163 53.190006 116.778724 0.222239
W C 1033.9 106.8 1852.6 752.7 1595.5 1453.6 961.5 1229.0 511.0 852.3 253.3 1616.5
W E -0.248 99.7 69.1 -2.680 87.1 162.0 -0.640 192.0 87.9 -0.349 139.4 84.8 -0.221 109.6 96.7 0.352 203.0 105.8
D C 214.4 -418.7 534.3 275.6 -76.7 561.9
F 1446.855482 941.625686 0.789603
E -2.392518 53.949862 121.419997 0.237850
W C 1033.8 106.7 1853.6 754.0 1596.1 1454.1 961.9 1230.2 510.9 852.3 253.5 1616.6
W E -0.248 99.7 69.1 -2.678 86.1 161.2 -0.641 190.7 87.1 -0.348 138.8 84.0 -0.221 109.6 96.7 0.352 202.8 105.8
D C 201.0 -417.5 520.5 278.7 -95.3 567.1
F 1478.156485 972.023325 0.784908
E -2.391154 54.663802 126.207356 0.246916
W C 1033.7 106.7 1854.6 755.0 1596.5 1454.7 962.3 1231.3 510.9 852.2 253.7 1616.6
W E -0.248 99.7 69.1 -2.677 85.2 160.4 -0.642 189.4 86.4 -0.347 138.2 83.2 -0.221 109.6 96.7 0.352 202.7 105.8
D C 156.5 -420.1 471.2 282.9 -139.0 568.0
F 1508.843373 1001.903433 0.784980
E -2.390185 55.333795 131.110815 0.252524
W C 1033.5 106.6 1856.5 756.8 1597.6 1455.3 962.6 1232.7 510.7 852.1 253.6 1616.4
W E -0.248 99.7 69.1 -2.676 84.2 159.7 -0.644 188.3 85.6 -0.346 137.7 82.5 -0.222 109.6 96.7 0.352 202.5 105.8
D C 142.9 -418.5 452.7 285.2 -155.2 572.6
F 1508.929956 1000.799063 0.778955
E -2.389768 55.036582 130.537827 0.236896
W C 1033.5 106.6 1857.2 757.5 1598.2 1455.8 962.6 1232.8 510.6 852.0 253.6 1616.4
W E -0.248 99.7 69.1 -2.675 83.3 159.2 -0.644 187.5 85.0 -0.348 137.6 82.4 -0.222 109.6 96.7 0.352 202.5 105.8
D C 110.2 -416.7 423.6 285.4
F 1540.969252 1031.205713 0.770809
E -2.388575 55.815344 135.630653 0.255426
W C 1033.4 106.6 1857.9 757.9 1598.8 1456.4 962.5 1232.8 510.6 851.9 253.4 1616.4
W E -0.248 99.7 69.1 -2.675 82.5 158.7 -0.645 186.8 84.3 -0.349 137.5 82.3 -0.223 109.6 96.7 0.352 202.4 105.8
D C 66.5 -419.3 375.4 287.9
F 1572.590106 1061.144526 0.765773
E -2.387888 56.541494 140.925844 0.267511
W C 1033.4 106.6 1859.4 758.9 1600.2 1457.1 962.0 1232.7 510.4 851.8 252.9 1616.2
W E -0.248 99.7 69.1 -2.676 81.6 158.3 -0.646 186.2 83.6 -0.350 137.5 82.3 -0.223 109.6 96.7 0.352 202.3 105.8
D C 49.9 -423.1 356.3 291.0
F 1604.252111 1091.049682 0.758952
E -2.388004 57.209176 146.403869 0.275813
W C 1033.3 106.6 1860.8 759.6 1601.5 1457.9 961.5 1232.6 510.2 851.7 252.4 1616.0
W E -0.248 99.7 69.1 -2.677 80.8 157.9 -0.646 185.7 82.9 -0.350 137.4 82.2 -0.223 109.6 96.7 0.352 202.3 105.8
D C 4.2 -422.5 309.2 293.0
F 1603.881893 1090.361224 0.755994
E -2.388883 56.847740 145.719186 0.257437
W C 1033.3 106.6 1861.6 759.9 1602.1 1458.6 961.2 1232.5 510.1 851.7 252.2 1615.9
W E -0.248 99.7 69.1 -2.678 80.0 157.6 -0.646 185.3 82.3 -0.351 137.4 82.2 -0.224 109.6 96.6 0.352 202.2 105.8
D C -11.4 -425.9 290.8 293.1
F 1635.657221 1120.334182 0.754834
E -2.389418 57.508083 151.283125 0.271888
W C 1033.2 106.6 1862.8 760.3 1603.1 1459.5 960.7 1232.4 509.9 851.6 251.7 1615.7
W E -0.248 99.7 69.1 -2.679 79.3 157.3 -0.646 184.9 81.6 -0.352 137.3 82.1 -0.224 109.6 96.6 0.352 202.2 105.8
D C -39.0 -426.5 257.8 295.7
F 1667.589917 1150.270230 0.750421
E -2.390599 58.097303 157.095958 0.282131
W C 1033.2 106.6 1863.9 760.5 1603.9 1460.5 960.3 1232.2 509.8 851.5 251.4 1615.6
W E -0.248 99.7 69.1 -2.681 78.7 157.0 -0.646 184.7 80.9 -0.352 137.3 82.1 -0.224 109.6 96.6 0.352 202.1 105.8
D C -86.6 -430.1 204.9 297.1
F 1697.997834 1180.403074 0.764591
E -2.391926 58.628844 163.180932 0.290612
W C 1033.1 106.6 1865.7 760.8 1605.2 1462.5 959.6 1231.9 509.6 851.4 250.7 1615.3
W E -0.248 99.7 69.1 -2.683 78.1 156.7 -0.646 184.4 80.0 -0.353 137.2 82.0 -0.224 109.6 96.6 0.352 202.1 105.8
D C -102.3 -432.3 187.1 295.9
F 1726.799933 1211.743875 0.839166
E -2.391229 59.409978 169.472796 0.305372
W C 1033.1 106.6 1867.9 760.7 1605.7 1463.9 958.9 1231.8 509.4 851.2 250.0 1615.0
W E -0.248 99.7 69.1 -2.685 77.6 156.4 -0.645 184.2 79.1 -0.353 137.2 82.0 -0.225 109.6 96.6 0.352 202.0 105.8
D C -146.8 -436.5 137.0 299.6
F 1726.881006 1209.877486 0.825549
E -2.392108 58.914285 168.714468 0.285704
W C 1033.0 106.6 1869.3 760.7 1606.0 1465.0 958.4 1231.7 509.2 851.2 249.5 1614.8
W E -0.248 99.7 69.1 -2.687 77.2 156.2 -0.643 184.0 78.3 -0.354 137.1 82.0 -0.225 109.6 96.6 0.352 202.0 105.8
D C -165.7 -434.5 126.2 295.0
F 1753.092686 1246.028628 0.924450
E -2.389984 59.881222 175.565509 0.316587
W C 1033.0 106.6 1869.3 760.4 1606.2 1466.1 958.5 1231.6 509.2 851.1 249.6 1614.8
W E -0.248 99.7 69.1 -2.687 77.2 156.1 -0.641 183.9 77.5 -0.354 137.1 82.0 -0.225 109.6 96.6 0.352 202.0 105.8
D C 111.4 279.3
F 1776.007496 1284.048844 1.025078
E -2.385106 60.592765 180.949932 0.319515
W C 1032.9 106.5 1869.4 759.7 1606.9 1466.8 958.7 1231.5 509.3 851.1 248.4 1614.7
W E -0.248 99.7 69.1 -2.685 76.9 155.9 -0.644 183.0 75.9 -0.355 137.1 82.0 -0.225 109.6 96.6 0.355 199.4 105.4
D C 87.3 262.1 -513.4 1503.6
F 1795.455082 1322.817771 1.120039
E -2.375715 61.056367 186.284145 0.323881
W C 1032.9 106.5 1869.2 758.7 1608.1 1468.8 958.9 1231.4 509.3 851.1 247.5 1613.9
W E -0.248 99.7 69.1 -2.683 76.7 155.7 -0.644 182.2 74.2 -0.355 137.0 81.9 -0.225 109.5 96.6 0.358 197.2 105.0
D C 78.5 256.7 -485.0 1510.9
F 1811.324808 1362.879249 1.214566
E -2.362101 61.399251 191.470144 0.329352
W C 1032.8 106.4 1868.9 757.7 1609.3 1470.8 959.2 1231.4 509.4 851.1 246.7 1613.2
W E -0.248 99.7 69.1 -2.681 76.5 155.5 -0.644 181.5 72.4 -0.356 136.9 81.9 -0.226 109.5 96.6 0.361 195.3 104.7
D C 53.9 237.6 -385.1 1552.8
F 1812.079086 1361.692761 1.213255
E -2.362927 61.051130 189.684713 0.305604
W C 1032.8 106.4 1868.8 757.1 1610.0 1471.6 959.3 1231.4 509.4 851.1 245.9 1612.7
W E -0.248 99.7 69.1 -2.679 76.4 155.3 -0.644 181.0 71.0 -0.356 136.9 81.9 -0.226 109.5 96.6 0.364 193.7 104.5
D C 44.0 233.1 -357.2 1562.8
F 1824.168901 1403.020502 1.307898
E -0.775833 194.586176 61.415455 0.320592
W C 1032.8 106.4 1868.6 756.3 1610.8 1473.0 959.6 1231.3 509.5 851.1 245.2 1612.2
W E -0.248 99.7 69.1 -2.677 76.2 155.1 -0.643 180.5 69.5 -0.356 136.8 81.9 -0.226 109.5 96.6 0.367 192.3 104.2
D C 28.3 225.5 -276.6 1587.1
F 1831.035143 1446.512748 1.411466
E -0.753391 201.126371 62.035858 0.356450
W C 1032.7 106.3 1868.5 755.6 1610.8 1474.7 959.7 1231.2 509.5 851.1 245.5 1612.2
W E -0.248 99.7 69.1 -2.676 76.1 155.0 -0.639 180.3 68.7 -0.356 136.8 81.9 -0.226 109.5 96.6 0.367 192.3 104.2
D C 12.0 220.5
F 1833.358167 1489.162781 1.515944
E -0.725460 207.792982 63.127663 0.387461
W C 1032.7 106.3 1868.3 754.8 1610.7 1476.3 960.0 1231.2 509.6 851.1 246.1 1612.3
W E -0.248 99.7 69.1 -2.675 76.0 154.9 -0.636 180.0 68.1 -0.356 136.8 81.9 -0.226 109.5 96.6 0.367 192.2 104.2
D C -3.5 218.5
F 1831.357563 1532.977202 1.613080
E -0.690898 214.832732 65.094215 0.416172
W C 1032.7 106.3 1868.3 754.3 1610.5 1477.3 960.1 1231.1 509.6 851.1 246.5 1612.5
W E -0.248 99.7 69.1 -2.675 75.9 154.9 -0.634 179.8 67.7 -0.357 136.8 81.9 -0.226 109.5 96.6 0.367 192.1 104.2
D C -31.5 220.8
F 1831.357563 1532.977202 1.613080
E -0.690898 214.832732 65.094215 0.416172
W C 1032.7 106.3 1868.3 754.3 1610.5 1477.3 960.1 1231.1 509.6 851.1 246.5 1612.5
W E -0.248 99.7 69.1 -2.675 75.9 154.9 -0.634 179.8 67.7 -0.357 136.8 81.9 -0.226 109.5 96.6 0.367 192.1 104.2
D C
F 1829.339189 1574.397680 1.747946
E -0.662080 217.996417 67.921411 0.409825
W C 1032.6 106.3 1867.9 753.7 1611.7 1478.3 960.2 1231.2 509.6 851.1 245.7 1611.4
W E -0.248 99.7 69.1 -2.674 75.8 154.8 -0.636 179.5 67.1 -0.357 136.8 81.9 -0.226 109.5 96.6 0.370 190.9 104.1
D C 122.1 1605.2
F 1822.619916 1613.600433 1.886691
E -0.633898 220.464527 71.064769 0.407588
W C 1032.6 106.3 1867.5 753.1 1612.8 1479.4 960.3 1231.2 509.6 851.1 245.3 1610.5
W E -0.248 99.7 69.1 -2.673 75.8 154.7 -0.637 179.2 66.8 -0.357 136.7 81.9 -0.226 109.5 96.6 0.372 189.8 104.0
D C 253.5 1583.1
F 1794.561933 1650.371483 2.117343
E -0.604729 223.199402 74.320585 0.407035
W C 1032.6 106.2 1868.3 752.0 1614.9 1477.6 961.4 1231.2 507.1 852.1 245.8 1609.6
W E -0.248 99.7 69.1 -2.673 75.8 154.6 -0.638 178.9 66.5 -0.358 136.7 81.8 -0.247 109.0 96.1 0.371 189.4 103.9
D C 310.7 1567.9
F 1803.899928 1650.946609 2.059752
E -0.619416 219.743412 71.929436 0.343086
W C 1032.6 106.2 1868.1 752.2 1614.5 1479.0 962.5 1230.1 506.9 852.6 245.4 1609.1
W E -0.248 99.7 69.1 -2.672 75.7 154.5 -0.640 178.5 66.1 -0.358 136.2 81.4 -0.247 109.0 96.1 0.372 188.3 103.7
D C 493.5 1497.5 -73.5 911.2
F 1787.739127 1684.915283 2.147880
E -0.597878 220.166484 73.376090 0.333348
W C 1032.6 106.2 1867.9 752.3 1614.1 1480.0 963.8 1229.4 506.8 853.0 244.8 1608.3
W E -0.248 99.7 69.1 -2.671 75.7 154.4 -0.641 178.1 65.9 -0.359 135.9 81.1 -0.247 109.0 96.1 0.373 187.3 103.5
D C 546.3 1473.2 -45.1 905.1
F 1766.061262 1718.299295 2.242871
E -0.580983 219.449263 73.930441 0.310198
W C 1032.6 106.2 1867.6 752.7 1613.2 1480.7 964.1 1229.6 507.6 852.5 244.3 1608.2
W E -0.248 99.7 69.1 -2.670 75.6 154.2 -0.644 177.5 65.6 -0.360 135.4 80.7 -0.266 108.5 95.6 0.373 186.0 103.2
D C 718.3 1366.3 51.8 899.4 -70.7 1510.6
F 1738.818425 1747.707296 2.354866
E -0.558634 219.633629 75.295881 0.314793
W C 1032.6 106.2 1867.6 752.7 1612.9 1480.8 965.1 1229.7 507.5 852.8 243.7 1607.3
W E -0.248 99.7 69.1 -2.670 75.6 154.1 -0.646 177.3 65.4 -0.361 135.1 80.3 -0.266 108.5 95.6 0.374 185.1 103.0
D C 821.0 1281.3 108.2 882.4
F 1739.388680 1748.414467 2.343993
E -0.565076 218.148541 73.869181 0.285309
W C 1032.6 106.2 1867.6 752.7 1612.6 1480.8 965.7 1229.9 507.4 852.9 243.4 1606.8
W E -0.248 99.7 69.1 -2.669 75.6 154.1 -0.647 177.0 65.3 -0.362 134.8 80.0 -0.265 108.5 95.5 0.375 184.3 102.9
D C 865.4 1230.7 138.0 879.0
F 1705.832906 1773.113387 2.481727
E -0.542118 218.210799 75.077412 0.302040
W C 1032.6 106.2 1867.6 752.8 1612.3 1480.7 966.3 1230.3 507.4 853.0 243.1 1606.2
W E -0.248 99.7 69.1 -2.669 75.5 154.0 -0.648 176.8 65.1 -0.363 134.5 79.7 -0.266 108.5 95.5 0.375 183.5 102.7
D C 990.5 1087.7 221.3 842.1
F 1672.373480 1794.348611 2.590667
E -0.519340 217.716103 76.391787 0.307263
W C 1032.6 106.2 1867.6 752.7 1612.1 1480.6 967.0 1230.7 507.3 853.1 242.4 1605.4
W E -0.248 99.7 69.1 -2.668 75.5 154.0 -0.649 176.6 65.0 -0.364 134.3 79.4 -0.266 108.5 95.5 0.376 182.8 102.5
D C 1034.3 1035.8 249.3 824.2
F 1634.300989 1811.598992 2.723219
E -0.495533 216.865354 77.946086 0.315092
W C 1032.6 106.2 1867.7 752.7 1612.0 1480.5 967.5 1231.1 507.3 853.1 242.1 1604.8
W E -0.248 99.7 69.1 -2.668 75.5 153.9 -0.649 176.4 64.9 -0.364 134.0 79.1 -0.266 108.5 95.5 0.376 182.1 102.4
D C 1117.9 868.2 321.9 778.7
F 1596.054457 1824.507066 2.840549
E -0.472720 215.503604 79.485577 0.316193
W C 1032.5 106.2 1867.7 752.6 1612.0 1480.4 968.0 1231.6 507.3 853.2 241.5 1604.0
W E -0.248 99.7 69.1 -2.668 75.5 153.9 -0.650 176.3 64.8 -0.365 133.8 78.8 -0.266 108.5 95.5 0.376 181.4 102.2
D C 1169.4 756.9 368.4 738.9
F 1596.004420 1825.143991 2.832767
E -0.477218 214.559353 77.796923 0.285342
W C 1032.5 106.2 1867.7 752.5 1611.8 1480.2 968.3 1232.1 507.3 853.2 241.3 1603.4
W E -0.248 99.7 69.1 -2.667 75.4 153.8 -0.651 176.2 64.7 -0.365 133.6 78.5 -0.266 108.5 95.5 0.377 180.8 102.0
D C 1186.4 692.7 388.9 718.3
F 1554.237252 1830.848065 2.975265
E -0.454460 212.941394 79.145135 0.300682
W C 1032.5 106.2 1867.7 752.6 1611.6 1480.1 968.8 1232.7 507.2 853.1 241.1 1602.8
W E -0.248 99.7 69.1 -2.667 75.4 153.8 -0.651 176.0 64.7 -0.365 133.3 78.3 -0.266 108.5 95.5 0.377 180.3 101.8
D C 1228.1 496.6 441.6 640.4
F 1513.941978 1833.410240 3.097009
E -0.432673 210.774086 80.578231 0.309136
W C 1032.5 106.2 1867.7 752.4 1611.7 1479.8 969.2 1233.3 507.2 853.1 240.5 1602.0
W E -0.248 99.7 69.1 -2.667 75.4 153.8 -0.652 175.9 64.6 -0.365 133.1 78.0 -0.266 108.5 95.5 0.377 179.7 101.7
D C 1241.8 441.1 458.4 619.1
F 1473.006035 1829.991660 -3.058246
E -0.412248 208.209355 81.979566 0.311817
W C 1032.5 106.2 1867.8 752.3 1611.7 1479.6 969.5 1233.9 507.2 853.1 240.1 1601.3
W E -0.248 99.7 69.1 -2.666 75.4 153.7 -0.652 175.8 64.5 -0.365 132.9 77.7 -0.266 108.5 95.5 0.378 179.2 101.5
D C 1244.9 232.8 503.6 533.0
F 1471.254584 1828.446816 -3.048913
E -0.415059 207.475093 80.337129 0.281674
W C 1032.5 106.2 1867.8 752.3 1611.4 1479.4 969.9 1234.5 507.2 853.1 240.2 1600.8
W E -0.248 99.7 69.1 -2.666 75.4 153.7 -0.653 175.7 64.5 -0.365 132.7 77.4 -0.266 108.5 95.5 0.378 178.7 101.3
D C 1219.6 102.2 521.9 470.9
F 1426.965477 1819.093092 -3.001864
E -0.392075 204.386205 80.808829 0.272227
W C 1032.6 106.8 1867.9 751.5 1612.0 1478.6 970.3 1234.8 507.3 853.1 240.2 1599.9
W E -0.248 99.5 68.8 -2.665 75.3 153.6 -0.653 175.5 64.4 -0.363 132.3 77.1 -0.267 108.5 95.5 0.378 178.2 101.0
D C 1209.0 41.7 528.2 442.3 598.4 1583.6
F 1383.023421 1806.942425 -2.965455
E -0.369018 201.056944 82.043242 0.268179
W C 1032.8 106.7 1867.1 751.8 1612.4 1478.4 970.5 1235.3 507.3 853.1 240.4 1599.4
W E -0.248 99.5 68.8 -2.667 75.2 153.2 -0.653 175.4 64.3 -0.362 132.0 76.8 -0.267 108.5 95.5 0.379 177.7 100.7
D C 1155.2 -77.2 513.9 389.1 -227.3 1102.7
F 1340.844673 1793.288883 -2.933632
E -0.345892 197.726674 83.275177 0.265737
W C 1033.0 106.7 1866.5 752.0 1613.1 1478.1 970.5 1235.8 507.3 853.1 240.5 1598.9
W E -0.248 99.5 68.8 -2.668 75.0 152.8 -0.653 175.2 64.2 -0.361 131.7 76.6 -0.267 108.5 95.5 0.380 177.2 100.5
D C 1138.0 -104.2 504.8 377.4 -217.7 1107.8
F 1299.330132 1778.341291 -2.900697
E -0.322928 194.412464 84.447128 0.263742
W C 1033.1 106.6 1866.1 751.9 1613.6 1477.9 970.3 1236.3 507.3 853.1 240.6 1598.5
W E -0.248 99.5 68.8 -2.670 74.9 152.4 -0.654 175.1 64.2 -0.360 131.3 76.3 -0.267 108.4 95.5 0.381 176.8 100.3
D C 1079.7 -145.8 471.7 359.5 -234.2 1119.0
F 1299.962596 1774.993161 -2.884011
E -0.323461 193.446820 82.939947 0.240802
W C 1033.2 106.6 1865.9 752.0 1613.9 1477.6 970.2 1236.9 507.3 853.1 240.8 1598.2
W E -0.248 99.5 68.8 -2.671 74.8 152.1 -0.654 175.0 64.1 -0.359 131.0 76.0 -0.267 108.4 95.5 0.382 176.3 100.0
D C 1061.5 -150.0 458.2 358.1 -251.2 1114.9
F 1257.152969 1760.653889 -2.868074
E -0.300023 190.072640 84.050054 0.251253
W C 1033.2 106.6 1865.9 752.1 1614.1 1477.4 970.1 1237.4 507.3 853.1 240.9 1597.8
W E -0.248 99.5 68.8 -2.673 74.7 151.7 -0.655 174.9 64.1 -0.357 130.7 75.8 -0.267 108.4 95.5 0.383 175.9 99.8
D C 1016.0 -149.9 411.8 358.0 -302.9 1118.1
F 1215.147124 1744.971256 -2.853805
E -0.274114 186.709768 84.300135 0.248252
W C 1033.2 107.0 1866.0 751.6 1614.8 1476.7 970.1 1237.7 507.4 853.1 241.2 1597.2
W E -0.246 99.2 68.6 -2.674 74.5 151.3 -0.655 174.6 64.0 -0.354 130.2 75.5 -0.267 108.4 95.5 0.383 175.4 99.3
D C 985.4 -154.7 381.6 355.0 618.0 1482.2 -325.8 1120.5
F 1174.104928 1729.848986 -2.840454
E -0.249452 183.452095 85.482676 0.255244
W C 1033.3 106.9 1865.8 751.4 1615.5 1476.4 969.7 1238.3 507.4 853.1 241.4 1596.9
W E -0.246 99.2 68.6 -2.675 74.4 151.0 -0.655 174.5 63.9 -0.353 129.9 75.2 -0.267 108.4 95.5 0.384 175.0 99.1
D C 965.4 -154.6 363.7 357.6 -338.5 1125.2
F 1133.963829 1715.720238 -2.835613
E -0.228658 179.735776 85.359505 0.248652
W C 1033.3 106.9 1865.8 751.1 1616.3 1476.0 969.2 1239.2 507.4 852.5 242.0 1597.1
W E -0.246 99.2 68.6 -2.676 74.2 150.6 -0.656 174.3 63.8 -0.351 129.3 74.9 -0.268 107.9 94.7 0.383 174.1 98.6
D C 920.6 -156.1 865.4 667.9 316.4 356.2 -393.2 1128.9
F 1133.790293 1715.342178 -2.835410
E -0.235222 178.565370 83.209550 0.228444
W C 1033.3 106.9 1865.7 751.0 1616.3 1475.9 968.7 1239.9 507.8 852.2 241.8 1596.9
W E -0.246 99.2 68.6 -2.676 74.2 150.5 -0.657 174.1 63.7 -0.350 128.9 74.5 -0.270 107.5 93.9 0.381 173.3 98.1
D C 887.6 -156.1 828.7 664.3 284.4 355.9
F 1091.553851 1701.500836 -2.832556
E -0.213562 175.286803 83.284708 0.242416
W C 1033.3 106.9 1865.7 750.9 1616.4 1475.8 968.2 1240.6 508.1 851.8 241.8 1596.9
W E -0.246 99.2 68.6 -2.676 74.2 150.4 -0.658 174.0 63.7 -0.349 128.4 74.2 -0.272 107.1 93.2 0.380 172.6 97.7
D C 850.6 -157.7 797.1 663.4 250.3 355.9
F 1050.534208 1687.800759 -2.830025
E -0.191473 172.178402 83.412443 0.249361
W C 1033.3 107.0 1865.7 750.6 1616.8 1475.6 967.7 1241.3 508.4 851.3 242.0 1597.0
W E -0.246 99.2 68.6 -2.676 74.1 150.4 -0.658 173.8 63.6 -0.348 128.0 73.9 -0.273 106.7 92.5 0.379 171.8 97.2
D C 818.5 -162.2 765.7 657.4 220.1 357.8
F 1010.746417 1673.952036 -2.823320
E -0.168195 169.183421 83.645681 0.253693
W C 1033.3 107.0 1865.7 750.1 1617.6 1475.4 966.9 1242.1 508.6 850.7 242.6 1597.4
W E -0.246 99.2 68.6 -2.676 74.1 150.3 -0.659 173.7 63.5 -0.348 127.5 73.6 -0.272 106.3 91.9 0.378 171.1 96.7
D C 802.3 -166.7 749.5 655.6 206.9 358.1
F 1010.188512 1674.051705 -2.826626
E -0.174345 168.245475 81.824694 0.232735
W C 1033.3 107.0 1865.6 750.1 1617.5 1475.3 966.6 1242.5 509.0 850.3 242.2 1597.3
W E -0.246 99.2 68.6 -2.676 74.1 150.3 -0.659 173.5 63.5 -0.348 127.1 73.3 -0.272 105.9 91.3 0.377 170.5 96.2
D C 758.5 -167.3 700.8 660.0 156.1 358.9
F 968.836558 1660.463852 -2.826117
E -0.149474 165.484730 82.084093 0.245341
W C 1033.3 107.0 1865.6 749.9 1617.8 1475.2 966.1 1243.1 509.3 849.8 242.2 1597.5
W E -0.246 99.2 68.6 -2.676 74.1 150.2 -0.660 173.4 63.4 -0.348 126.7 73.0 -0.271 105.6 90.7 0.376 169.9 95.8
D C 739.3 -167.8 679.8 660.2 139.5 359.2
F 926.905005 1646.881319 -2.826655
E -0.123881 162.867378 82.466309 0.252336
W C 1033.3 107.0 1865.5 749.8 1618.0 1475.1 965.6 1243.6 509.7 849.3 242.1 1597.8
W E -0.245 99.2 68.6 -2.675 74.1 150.1 -0.661 173.3 63.4 -0.348 126.3 72.8 -0.269 105.2 90.2 0.375 169.3 95.3
D C 693.8 -171.0 631.8 664.6 94.7 360.3
F 885.927233 1633.525216 -2.825399
E -0.097963 160.426685 82.906399 0.255628
W C 1033.3 107.0 1865.5 749.6 1618.4 1475.0 965.1 1244.0 510.1 848.9 242.1 1598.0
W E -0.245 99.2 68.6 -2.675 74.1 150.1 -0.661 173.2 63.3 -0.349 125.9 72.5 -0.266 104.8 89.6 0.375 168.7 94.7
D C 666.3 -170.7 595.6 658.1 63.8 362.6
F 846.256939 1620.260287 -2.818900
E -0.071139 158.138828 83.413642 0.257645
W C 1033.3 107.0 1865.5 749.1 1619.1 1474.8 964.4 1244.3 510.4 848.5 242.4 1598.5
W E -0.245 99.2 68.6 -2.675 74.0 150.0 -0.661 173.1 63.3 -0.350 125.5 72.2 -0.263 104.4 89.1 0.374 168.2 94.2
D C 648.8 -174.7 583.1 656.4 47.9 363.1
F 845.983768 1620.525471 -2.822828
E -0.077369 157.396673 81.446153 0.235864
W C 1033.3 107.0 1865.5 749.1 1619.1 1474.8 964.2 1244.6 510.7 848.2 241.9 1598.6
W E -0.245 99.2 68.5 -2.675 74.0 150.0 -0.662 173.0 63.2 -0.351 125.2 71.9 -0.260 104.0 88.5 0.373 167.7 93.7
D C 603.7 -176.6 536.2 654.4 -0.3 365.0
F 804.137165 1606.620549 -2.809990
E -0.049145 155.297953 81.963297 0.247769
W C 1033.3 107.0 1865.4 749.1 1619.1 1474.7 964.0 1244.9 511.1 847.9 241.5 1598.6
W E -0.245 99.2 68.5 -2.675 74.0 150.0 -0.662 172.9 63.2 -0.353 124.9 71.6 -0.256 103.6 88.0 0.373 167.2 93.1
D C 570.1 -174.4 500.0 654.1 -32.9 366.1
F 762.783559 1591.364784 -2.744247
E -0.020209 153.237400 82.611261 0.262039
W C 1033.3 107.0 1865.4 748.8 1619.4 1474.6 963.6 1245.5 511.6 847.7 240.9 1598.3
W E -0.245 99.2 68.5 -2.675 74.0 149.9 -0.663 172.8 63.2 -0.354 124.7 71.3 -0.252 103.2 87.5 0.372 166.8 92.6
D C 540.6 -176.3 467.2 651.6 -64.7 364.7
F 724.461810 1573.694837 -2.634472
E 0.008227 151.115946 83.320429 0.281703
W C 1033.3 107.0 1865.4 748.5 1619.8 1474.3 963.1 1246.2 512.1 847.6 240.3 1597.9
W E -0.245 99.2 68.5 -2.675 74.0 149.9 -0.663 172.7 63.1 -0.355 124.4 71.0 -0.247 102.9 87.0 0.372 166.4 92.0
D C 495.0 -211.8 473.4 623.2 -72.1 366.8
F 723.772950 1576.194320 -2.658153
E 0.001723 150.536474 81.333707 0.252388
W C 1033.3 107.0 1865.3 748.4 1619.8 1474.2 962.9 1246.7 512.6 847.2 239.6 1597.9
W E -0.245 99.2 68.5 -2.675 74.0 149.8 -0.663 172.6 63.1 -0.356 124.2 70.7 -0.243 102.5 86.5 0.371 166.0 91.5
D C 467.3 -233.0 477.6 609.1 -77.0 367.7
F 687.859691 1551.064353 -2.518471
E 0.033925 148.172998 81.346703 0.270510
W C 1033.8 107.3 1865.3 747.9 1620.1 1473.7 962.6 1246.8 512.7 847.0 239.2 1598.2
W E -0.240 98.6 68.3 -2.675 74.0 149.7 -0.663 172.5 63.1 -0.357 123.9 70.4 -0.234 101.9 86.0 0.370 165.6 90.6
D C 384.1 -301.2 513.5 530.3 421.7 1394.0 -68.8 368.2
F 657.618358 1522.994851 -2.396304
E 0.059399 145.470931 81.140978 0.268557
W C 1034.0 107.6 1865.3 747.5 1620.3 1473.4 962.5 1247.0 513.1 846.6 238.7 1598.2
W E -0.235 98.2 68.2 -2.675 74.0 149.6 -0.663 172.3 63.0 -0.357 123.6 70.0 -0.226 101.4 85.6 0.369 165.2 89.8
D C 292.0 -357.5 542.5 445.9 577.0 1315.3 -59.0 372.3
F 630.581437 1494.951842 -2.306832
E 0.081261 142.482330 80.945061 0.264881
W C 1034.0 107.9 1865.3 747.0 1620.8 1472.9 962.4 1247.1 513.4 846.3 238.2 1598.1
W E -0.229 97.7 68.0 -2.674 74.0 149.4 -0.663 172.1 63.0 -0.357 123.3 69.6 -0.218 100.9 85.1 0.367 164.8 88.9
D C 255.9 -377.3 547.0 414.2 621.5 1275.8 -54.4 372.7
F 630.391938 1493.953057 -2.305534
E 0.075404 141.886884 79.422862 0.241093
W C 1034.1 107.9 1865.3 747.1 1620.6 1473.0 962.2 1247.5 513.7 845.9 237.6 1598.3
W E -0.229 97.6 68.0 -2.674 74.0 149.4 -0.663 172.1 63.0 -0.358 123.1 69.2 -0.214 100.5 84.7 0.366 164.5 88.4
D C 187.9 -402.9 556.5 357.8 -47.5 373.2
F 608.203727 1459.447916 -2.177086
E 0.096875 138.791014 79.485414 0.255124
W C 1033.9 108.3 1865.3 746.7 1620.9 1472.6 962.4 1247.6 514.1 845.4 237.1 1598.1
W E -0.224 97.2 67.8 -2.674 74.0 149.3 -0.663 171.9 63.0 -0.357 122.8 68.8 -0.206 99.9 84.2 0.365 164.1 87.7
D C 120.7 -424.8 560.1 299.9 791.8 1126.0 -41.8 374.4
F 590.212179 1423.894817 -2.064515
E 0.113550 135.493889 79.567592 0.259028
W C 1033.7 108.7 1865.4 746.3 1621.3 1472.3 962.5 1247.7 514.4 844.9 236.6 1597.8
W E -0.219 96.7 67.6 -2.674 74.0 149.2 -0.664 171.8 62.9 -0.357 122.5 68.4 -0.199 99.4 83.8 0.363 163.8 86.9
D C 45.3 -442.5 558.3 237.8 874.6 1034.6 -34.7 373.1
F 575.741724 1388.243098 -1.958898
E 0.122400 132.120428 80.475109 0.275716
W C 1033.2 108.8 1865.4 746.2 1621.6 1472.2 962.6 1248.1 515.0 844.4 235.2 1597.2
W E -0.219 96.7 67.6 -2.674 73.9 149.1 -0.664 171.7 62.9 -0.357 122.4 68.0 -0.196 99.0 83.4 0.362 163.5 86.5
D C 8.6 -446.6 556.9 207.5 -31.4 374.2
F 566.752562 1354.702192 -1.838318
E 0.133731 128.797334 80.403581 0.261616
W C 1033.3 109.0 1865.4 746.0 1622.0 1471.9 962.9 1248.0 515.0 844.1 234.6 1597.4
W E -0.215 96.2 67.5 -2.677 73.7 148.7 -0.664 171.6 62.9 -0.356 122.1 67.6 -0.188 98.3 83.0 0.361 163.0 85.8
D C -104.3 -453.2 534.5 120.4 998.4 846.7 194.9 1410.6 -21.0 374.8
F 569.247635 1352.895838 -1.824548
E 0.136578 127.882927 78.633916 0.222069
W C 1033.1 109.4 1865.3 745.6 1621.8 1471.5 963.3 1248.6 515.7 843.6 233.9 1596.6
W E -0.210 95.7 67.3 -2.679 73.5 148.3 -0.664 171.2 62.8 -0.355 121.8 67.1 -0.182 97.7 82.6 0.359 162.6 85.2
D C -178.0 -446.0 512.5 55.6 1055.3 725.2 322.9 1383.0 -9.3 369.3 -318.6 961.9
F 569.239950 1315.372388 -1.646931
E 0.145985 124.432065 79.216469 0.245490
W C 1033.0 109.8 1865.2 745.3 1621.6 1471.3 963.5 1249.1 515.9 843.1 234.3 1596.3
W E -0.206 95.3 67.1 -2.681 73.3 148.0 -0.664 170.9 62.6 -0.353 121.5 66.6 -0.176 97.0 82.2 0.357 162.4 84.7
D C 488.7 -19.1 1115.7 575.6 473.2 1325.7 13.1 361.8 -220.7 993.5
F 573.580309 1278.846912 -1.489788
E 0.144406 120.992363 79.466701 0.260111
W C 1033.1 110.1 1865.1 745.1 1621.8 1471.0 963.3 1249.5 516.1 842.6 234.7 1596.4
W E -0.202 94.8 67.0 -2.684 73.0 147.6 -0.664 170.8 62.6 -0.350 121.2 66.1 -0.168 96.3 81.9 0.356 162.2 84.3
D C 456.0 -83.1 1153.1 425.6 612.4 1247.4 33.3 351.8
F 585.199025 1243.254180 -1.316344
E 0.126520 117.726119 79.916602 0.277800
W C 1033.1 110.1 1864.8 745.2 1622.0 1470.9 963.1 1250.2 516.2 842.2 234.9 1596.2
W E -0.202 94.8 67.0 -2.686 72.8 147.3 -0.664 170.7 62.6 -0.349 121.1 65.7 -0.165 95.8 81.6 0.355 162.1 84.1
D C 388.3 -177.5 791.3 1096.5 58.8 334.4
F 587.426202 1241.855866 -1.304607
E 0.136538 117.123953 78.578001 0.241519
W C 1032.9 110.4 1864.7 744.8 1622.4 1470.6 963.3 1250.7 516.2 841.8 235.2 1595.4
W E -0.198 94.3 66.8 -2.688 72.6 147.0 -0.664 170.6 62.6 -0.347 120.8 65.3 -0.156 95.1 81.2 0.354 161.9 83.8
D C 361.4 -204.4 1167.8 112.3 848.8 1048.9 66.9 327.2
F 606.479309 1207.525507 -1.119960
E 0.107683 113.885598 78.250195 0.262373
W C 1033.0 110.7 1864.7 744.3 1622.8 1470.2 963.3 1251.2 516.0 841.5 235.6 1595.0
W E -0.194 93.9 66.7 -2.690 72.4 146.7 -0.664 170.5 62.6 -0.344 120.6 64.9 -0.143 94.5 80.9 0.353 161.8 83.5
D C 299.1 -257.6 1139.5 -48.1 958.3 919.4 80.4 309.7
F 628.845621 1177.472184 -0.960993
E 0.070396 111.200259 77.349052 0.267284
W C 1033.1 111.0 1864.6 743.9 1623.2 1469.9 963.2 1251.7 516.0 841.1 236.1 1594.9
W E -0.191 93.4 66.5 -2.692 72.2 146.3 -0.664 170.4 62.6 -0.340 120.3 64.5 -0.127 93.8 80.5 0.352 161.7 83.2
D C 230.0 -296.1 1093.5 -195.8 1039.4 787.0 91.0 291.0
F 654.034463 1151.506539 -0.817331
E 0.031214 109.051316 76.086040 0.266913
W C 1033.2 111.2 1864.6 743.5 1623.5 1469.6 962.9 1252.1 516.0 840.5 236.6 1595.1
W E -0.188 93.0 66.4 -2.694 72.0 146.0 -0.664 170.3 62.5 -0.337 120.0 64.1 -0.107 93.1 80.1 0.351 161.5 82.9
D C 160.0 -329.9 1025.6 -345.0 1108.0 642.3 100.3 272.9
F 680.936407 1126.484889 -0.740529
E -0.003922 107.074139 74.522641 0.257389
W C 1033.3 111.5 1864.6 743.2 1623.6 1469.5 962.7 1252.2 516.2 839.6 237.0 1596.0
W E -0.184 92.6 66.2 -2.696 71.8 145.7 -0.664 170.2 62.5 -0.332 119.7 63.7 -0.083 92.5 79.7 0.351 161.4 82.7
D C 126.2 -345.2 988.0 -411.9 1127.3 564.2 103.5 264.0
F 684.686306 1126.941669 -0.711403
E 0.006242 106.330925 73.320470 0.227898
W C 1033.4 111.6 1864.8 742.7 1623.9 1469.2 962.5 1252.7 516.1 839.4 237.2 1595.6
W E -0.181 92.2 66.1 -2.697 71.5 145.5 -0.664 170.1 62.5 -0.328 119.4 63.3 -0.061 91.9 79.3 0.350 161.3 82.5
D C 21.0 -374.4 861.3 -590.0 1181.2 351.4 111.6 238.2
F 723.398254 1100.334771 -0.664851
E -0.034457 104.345663 71.974289 0.234960
W C 1033.4 111.7 1864.8 742.3 1624.0 1469.1 962.5 1252.9 516.3 839.4 237.1 1595.3
W E -0.178 91.8 66.0 -2.699 71.3 145.2 -0.664 170.1 62.5 -0.324 119.1 63.0 -0.037 91.4 78.8 0.349 161.3 82.3
D C -50.1 -379.6 773.3 -670.2 1165.1 240.1 99.6 227.0
F 763.277551 1078.240509 -0.606204
E -0.074386 102.590440 70.805856 0.230726
W C 1033.6 112.0 1864.8 741.9 1624.2 1467.9 962.0 1253.9 517.1 838.9 236.8 1595.4
W E -0.176 91.4 65.8 -2.700 71.1 144.9 -0.664 169.8 62.3 -0.319 118.6 62.6 -0.014 90.9 78.2 0.349 161.2 82.1
D C -106.3 -380.6 702.3 -697.0 1136.0 194.4 558.8 694.9 69.4 222.0
F 803.061577 1058.111455 -0.561059
E -0.117478 101.317706 70.255558 0.234358
W C 1033.6 112.3 1864.8 741.6 1624.3 1467.0 961.6 1254.6 518.1 838.1 236.5 1595.6
W E -0.174 91.0 65.7 -2.701 70.9 144.7 -0.664 169.5 62.2 -0.314 118.1 62.3 -0.001 90.6 78.0 0.348 161.1 82.0
D C 638.2 -720.6 1103.8 147.3 549.8 679.4 42.0 219.2
F 806.957974 1059.084825 -0.544782
E -0.120113 100.682874 69.284701 0.212483
W C 1033.5 112.7 1864.4 741.4 1623.9 1466.6 959.8 1256.4 520.2 837.0 236.3 1595.2
W E -0.172 90.7 65.5 -2.703 70.7 144.4 -0.664 169.2 62.0 -0.309 117.6 62.1 0.010 90.4 77.9 0.348 161.1 81.9
D C 583.9 -723.9 1056.0 144.2 505.9 678.8 -5.6 223.2
F 848.629620 1037.703046 -0.525155
E -0.168794 99.703187 68.840448 0.227214
W C 1033.7 112.9 1864.2 741.1 1623.8 1466.0 959.0 1257.2 521.2 836.5 236.3 1595.1
W E -0.171 90.4 65.4 -2.704 70.5 144.1 -0.664 168.9 61.9 -0.306 117.2 61.9 0.020 90.2 77.8 0.348 161.1 81.8
D C 568.0 -722.2 1029.5 143.8 487.8 675.9 -21.7 225.9
F 889.310510 1017.566252 -0.503862
E -0.217461 99.136668 68.778913 0.237366
W C 1034.0 113.1 1864.1 740.7 1623.7 1465.6 958.6 1257.7 521.7 836.3 236.2 1595.2
W E -0.170 90.0 65.3 -2.705 70.3 143.9 -0.664 168.6 61.7 -0.304 117.1 61.8 0.026 90.1 77.8 0.348 161.0 81.7
D C 539.2 -725.9 994.3 145.1 452.1 682.3
F 929.846224 997.993509 -0.489518
E -0.266925 98.738071 68.943625 0.242498
W C 1034.5 113.3 1864.1 740.3 1623.8 1465.1 958.3 1258.1 521.8 836.2 236.3 1595.3
W E -0.169 89.7 65.1 -2.706 70.1 143.6 -0.664 168.4 61.6 -0.303 117.0 61.7 0.032 89.9 77.7 0.348 161.0 81.7
D C 502.1 -721.1 959.5 143.1 423.8 679.6
F 931.085743 998.899908 -0.481111
E -0.273727 98.357731 67.807654 0.220599
W C 1034.6 113.6 1863.8 740.1 1623.5 1464.9 958.4 1258.2 522.2 836.0 236.4 1595.2
W E -0.169 89.4 65.0 -2.707 69.9 143.4 -0.663 168.1 61.4 -0.302 116.9 61.6 0.037 89.9 77.6 0.348 161.0 81.6
D C 472.7 -720.6 927.4 144.1 389.9 684.6
F 971.304675 979.479787 -0.472320
E -0.324092 98.168835 67.910885 0.233483
W C 1035.0 113.8 1863.7 739.9 1623.4 1464.6 958.4 1258.3 522.4 835.9 236.5 1595.3
W E -0.168 89.1 64.8 -2.708 69.7 143.2 -0.663 167.8 61.3 -0.301 116.8 61.6 0.041 89.8 77.6 0.348 161.0 81.5
D C 439.7 -722.3 894.6 141.8 365.5 685.0
F 1011.776899 960.101022 -0.464066
E -0.375572 98.138116 68.258722 0.240750
W C 1035.4 114.0 1863.6 739.5 1623.4 1464.3 958.3 1258.4 522.5 836.0 236.6 1595.4
W E -0.168 88.7 64.7 -2.708 69.5 142.9 -0.663 167.6 61.1 -0.300 116.7 61.5 0.045 89.7 77.5 0.348 161.0 81.5
D C 408.0 -724.1 862.3 144.8 327.5 688.2
F 1052.185568 940.552746 -0.462461
E -0.428062 98.249414 68.778224 0.244414
W C 1035.8 114.1 1863.4 739.2 1623.4 1464.0 958.3 1258.4 522.5 836.0 236.6 1595.5
W E -0.169 88.4 64.6 -2.709 69.3 142.7 -0.663 167.3 61.0 -0.299 116.7 61.4 0.049 89.6 77.5 0.348 161.0 81.4
D C 363.4 -720.5 813.0 149.4 278.9 692.8
F 1092.113491 921.586874 -0.456460
E -0.481950 98.500653 69.415588 0.246251
W C 1036.6 114.2 1863.4 738.7 1623.6 1463.5 958.1 1258.6 522.2 836.2 236.7 1595.8
W E -0.169 88.1 64.5 -2.710 69.1 142.5 -0.663 167.0 60.8 -0.299 116.6 61.4 0.052 89.6 77.5 0.348 161.0 81.4
D C 347.9 -722.6 793.1 145.8 265.8 690.5
F 1131.791771 902.728231 -0.455096
E -0.537108 98.898221 70.128573 0.247197
W C 1037.4 114.2 1863.5 738.1 1624.0 1462.9 957.9 1258.7 521.8 836.4 236.8 1596.1
W E -0.170 87.8 64.3 -2.710 68.9 142.2 -0.662 166.8 60.7 -0.298 116.6 61.3 0.056 89.5 77.4 0.347 161.0 81.3
D C 313.2 -723.1 758.5 146.6 233.0 692.6
F 1132.228335 902.962033 -0.453860
E -0.535375 98.554088 68.505299 0.223986
W C 1037.8 114.4 1863.2 737.9 1623.9 1462.7 958.0 1258.7 522.0 836.4 236.9 1596.1
W E -0.171 87.5 64.2 -2.711 68.7 142.0 -0.662 166.5 60.6 -0.297 116.5 61.3 0.059 89.4 77.4 0.347 161.0 81.2
D C 264.4 -723.1 708.3 143.7 184.1 692.2
F 1172.495848 883.732448 -0.452482
E -0.589598 99.126171 69.157175 0.236426
W C 1038.4 114.5 1863.1 737.5 1624.0 1462.4 957.9 1258.8 521.8 836.5 236.9 1596.3
W E -0.171 87.1 64.1 -2.711 68.5 141.8 -0.662 166.3 60.4 -0.297 116.5 61.2 0.062 89.4 77.3 0.347 160.9 81.2
D C 249.0 -721.9 691.2 144.6 166.4 693.4
F 1212.513651 864.626755 -0.451477
E -0.644451 99.831735 69.929371 0.242624
W C 1039.0 114.6 1863.0 737.1 1624.1 1462.1 957.8 1258.9 521.7 836.6 237.0 1596.5
W E -0.172 86.8 64.0 -2.711 68.3 141.6 -0.661 166.0 60.3 -0.296 116.4 61.2 0.065 89.3 77.3 0.347 160.9 81.2
D C 200.8 -723.4 644.3 145.2 118.3 697.5
F 1253.219468 846.443108 -0.442054
E -0.699137 100.846464 71.433719 0.255745
W C 1039.2 114.6 1863.2 736.8 1624.3 1461.8 957.7 1259.0 521.5 836.7 237.0 1596.6
W E -0.174 86.7 64.0 -2.712 68.2 141.4 -0.661 165.8 60.2 -0.296 116.4 61.2 0.066 89.3 77.3 0.347 160.9 81.1
D C 625.4 147.0 103.3 700.2
F 1252.935793 846.451932 -0.443618
E -0.693026 100.463225 69.690633 0.230190
W C 1039.8 114.7 1863.0 736.4 1624.4 1461.5 957.6 1259.0 521.4 836.8 237.1 1596.7
W E -0.175 86.4 63.8 -2.712 68.0 141.2 -0.661 165.6 60.1 -0.295 116.4 61.1 0.068 89.3 77.3 0.347 160.9 81.1
D C 153.4 -722.0 592.6 145.0 75.1 701.7
F 1294.017732 827.743726 -0.434100
E -0.746065 101.655458 71.127712 0.248918
W C 1039.9 114.7 1862.9 736.4 1624.3 1461.6 957.6 1259.1 521.5 836.8 237.1 1596.7
W E -0.176 86.3 63.8 -2.713 67.8 141.0 -0.661 165.4 60.0 -0.295 116.4 61.1 0.069 89.2 77.2 0.347 160.9 81.1
D C 548.2 148.5 25.4 704.5
F 1333.310665 811.392430 -0.323622
E -2.364082 72.174612 103.554389 0.271068
W C 1041.1 114.5 1862.7 736.0 1624.4 1461.1 957.3 1259.5 521.1 837.2 237.1 1597.2
W E -0.178 86.0 63.7 -2.713 67.6 140.8 -0.661 165.2 59.8 -0.295 116.3 61.0 0.072 89.2 77.2 0.347 160.9 81.0
D C 94.8 -727.4 530.3 145.4 6.0 704.9
F 1369.060380 801.456138 -0.166325
E -2.384184 73.464049 106.263304 0.303584
W C 1042.4 114.3 1862.4 735.6 1624.4 1460.7 957.0 1259.9 520.7 837.5 237.1 1597.8
W E -0.179 85.7 63.6 -2.713 67.5 140.6 -0.660 165.0 59.7 -0.294 116.3 61.0 0.074 89.2 77.2 0.347 160.9 81.0
D C -17.4 -730.3 501.2 85.8 46.7 697.9
F 1396.954757 794.820435 -0.071789
E -2.400746 74.086275 108.235012 0.299808
W C 1043.7 114.0 1862.1 735.3 1624.5 1460.3 956.5 1260.4 520.3 837.9 237.1 1598.3
W E -0.181 85.4 63.5 -2.713 67.3 140.4 -0.660 164.8 59.6 -0.294 116.3 61.0 0.076 89.1 77.2 0.347 160.9 81.0
D C -69.5 -734.5 488.2 51.5 80.8 694.3
F 1395.824061 794.624317 -0.084096
E -2.394885 72.617975 107.678182 0.259183
W C 1044.7 113.9 1861.9 734.9 1624.5 1460.1 956.2 1260.6 520.0 838.1 237.0 1598.6
W E -0.183 85.1 63.4 -2.713 67.1 140.2 -0.660 164.6 59.5 -0.293 116.2 60.9 0.079 89.1 77.1 0.347 160.9 80.9
D C -201.2 -720.6 470.1 -31.4 163.9 665.1
F 1427.486632 799.897382 0.108777
E -2.407660 73.504056 109.746254 0.286372
W C 1045.7 113.8 1861.7 734.5 1624.4 1460.0 955.9 1260.9 519.6 838.4 236.9 1598.8
W E -0.185 84.8 63.3 -2.713 66.9 140.0 -0.660 164.4 59.4 -0.293 116.2 60.9 0.080 89.0 77.1 0.347 160.9 80.9
D C -325.3 -689.0 438.1 -100.9 236.4 637.5
F 1457.854773 810.763410 0.306153
E -2.419608 74.708553 111.981789 0.308129
W C 1045.2 113.9 1862.0 734.6 1624.4 1459.9 956.0 1260.8 519.8 838.3 237.0 1598.8
W E -0.186 84.7 63.3 -2.714 66.8 139.8 -0.659 164.3 59.3 -0.293 116.2 60.9 0.081 89.0 77.1 0.347 160.9 80.9
D C 394.8 -176.1 312.9 586.5
F 1485.387920 828.911646 0.520315
E -2.431257 75.783310 114.385802 0.319036
W C 1045.0 114.0 1862.3 734.5 1624.3 1459.8 956.1 1260.8 519.8 838.3 237.0 1598.8
W E -0.187 84.6 63.3 -2.714 66.6 139.7 -0.659 164.1 59.2 -0.293 116.2 60.9 0.082 89.0 77.1 0.347 160.9 80.9
D C 305.4 -271.4 408.1 491.9
F 1485.335335 830.202256 0.530782
E -2.427021 74.676181 113.983620 0.282170
W C 1045.1 114.0 1862.4 734.4 1624.1 1459.9 956.0 1260.9 519.8 838.4 237.0 1598.9
W E -0.188 84.6 63.3 -2.715 66.5 139.6 -0.659 164.0 59.1 -0.293 116.2 60.9 0.082 89.0 77.1 0.347 160.9 80.9
D C 272.6 -298.5 432.8 455.2
F 1508.116577 855.272805 0.753187
E -2.439549 75.583973 116.349341 0.296099
W C 1045.0 114.0 1862.6 734.3 1624.0 1459.8 956.1 1260.7 519.7 838.5 237.1 1598.9
W E -0.189 84.5 63.2 -2.715 66.4 139.5 -0.659 163.8 59.0 -0.293 116.1 60.8 0.083 89.0 77.1 0.347 160.9 80.9
D C 197.6 -343.3 477.5 375.6 -139.4 637.0
F 1525.170194 881.609407 0.939341
E -2.448434 75.770279 118.797213 0.297316
W C 1044.7 114.1 1863.0 734.2 1624.0 1459.8 956.2 1260.4 519.6 838.5 237.2 1599.0
W E -0.190 84.4 63.2 -2.715 66.3 139.4 -0.659 163.7 58.9 -0.292 116.0 60.7 0.083 88.9 77.1 0.347 160.8 80.9
D C 121.6 -374.7 509.4 295.3 -59.8 642.2
F 1537.486816 909.150284 1.107308
E -2.451470 75.568988 121.296818 0.297364
W C 1044.3 114.1 1863.5 734.2 1624.0 1459.8 956.3 1260.2 519.4 838.6 237.2 1599.0
W E -0.191 84.4 63.2 -2.716 66.2 139.3 -0.659 163.5 58.8 -0.292 116.0 60.6 0.084 88.9 77.1 0.347 160.8 80.9
D C 44.4 -397.5 526.6 212.9 9.4 643.2
F 1542.941690 939.283353 1.295869
E -2.448440 75.077803 123.690632 0.295415
W C 1044.0 114.1 1864.0 734.2 1624.0 1459.7 956.4 1260.1 519.2 838.7 237.1 1599.0
W E -0.192 84.3 63.2 -2.716 66.0 139.2 -0.659 163.4 58.7 -0.292 115.9 60.6 0.085 88.9 77.1 0.347 160.8 80.9
D C -79.6 -408.3 527.6 77.0 122.2 616.6
F 1541.186757 939.497207 1.307983
E -2.451981 73.484561 123.076109 0.248717
W C 1043.7 114.1 1864.4 734.4 1623.8 1459.7 956.6 1259.8 519.0 839.2 237.1 1598.9
W E -0.193 84.3 63.2 -2.717 65.9 139.1 -0.660 163.2 58.6 -0.292 115.9 60.5 0.083 88.7 76.9 0.347 160.8 80.8
D C -117.1 -404.9 518.4 38.6 154.2 601.9 -301.8 992.1
F 1538.303763 972.848165 1.543741
E -2.450170 73.533683 125.481870 0.279294
W C 1043.7 114.1 1864.5 734.6 1623.8 1459.7 956.7 1259.5 518.9 839.4 237.1 1598.9
W E -0.193 84.2 63.2 -2.717 65.9 139.1 -0.660 163.1 58.5 -0.292 115.8 60.4 0.081 88.6 76.8 0.346 160.8 80.8
D C 484.2 -80.6 250.5 552.4 -114.8 1028.0
F 1532.138653 1004.724078 1.729451
E -2.438966 73.051036 127.624203 0.290550
W C 1043.8 114.1 1864.4 734.4 1623.4 1460.0 956.9 1259.4 518.9 839.4 237.2 1599.0
W E -0.193 84.2 63.2 -2.717 65.9 139.0 -0.660 162.9 58.4 -0.292 115.8 60.3 0.079 88.4 76.7 0.346 160.7 80.8
D C 463.7 -129.5 284.9 522.4 -45.0 1028.0
F 1521.359013 1046.496666 1.795611
E -2.407231 72.120424 129.664936 0.272539
W C 1043.8 114.0 1864.4 734.4 1623.0 1460.4 957.1 1259.2 518.9 839.6 237.1 1598.8
W E -0.193 84.2 63.2 -2.717 65.8 139.0 -0.661 162.8 58.3 -0.293 115.7 60.1 0.077 88.3 76.6 0.346 160.7 80.8
D C 417.6 -200.3 332.5 472.9 77.4 1016.9
F 1515.899202 1046.491411 1.840174
E -2.412455 71.374332 129.125477 0.243021
W C 1043.6 114.0 1864.5 734.6 1623.2 1460.3 957.2 1259.0 518.8 839.7 237.1 1598.8
W E -0.193 84.2 63.2 -2.717 65.8 139.0 -0.661 162.6 58.2 -0.293 115.6 60.0 0.074 88.2 76.5 0.346 160.7 80.8
D C 340.7 -282.7 370.5 402.0 195.8 988.2
F 1499.308238 1088.365819 1.880316
E -2.378415 70.494976 130.971891 0.247563
W C 1043.6 113.9 1864.5 734.6 1623.1 1460.4 957.3 1258.9 518.7 839.9 237.1 1598.7
W E -0.193 84.2 63.2 -2.717 65.8 138.9 -0.661 162.5 58.1 -0.293 115.6 59.9 0.072 88.0 76.4 0.346 160.7 80.8
D C 319.3 -281.9 353.5 402.9 185.7 984.8
F 1477.835121 1129.513046 1.941039
E -0.774368 132.583194 69.829104 0.240667
W C 1043.5 113.9 1864.7 734.8 1622.6 1460.7 957.4 1258.6 518.6 839.9 238.0 1599.5
W E -0.193 84.2 63.2 -2.716 65.8 138.9 -0.661 162.3 58.0 -0.293 115.5 59.8 0.069 87.9 76.2 0.347 160.4 80.6
D C 240.6 -305.9 991.3 835.3 327.0 374.9 198.7 971.5
F 1456.364409 1169.019977 1.984735
E -0.739539 134.036212 69.354716 0.237535
W C 1043.6 113.8 1864.8 734.7 1622.0 1461.1 957.5 1258.6 518.6 839.9 238.5 1599.9
W E -0.193 84.2 63.2 -2.716 65.8 138.9 -0.662 162.1 57.9 -0.293 115.5 59.6 0.067 87.7 76.1 0.348 160.1 80.5
D C 214.0 -309.4 977.9 824.1 314.1 371.6 186.3 971.4
F 1435.592834 1206.594616 2.014102
E -0.704051 135.356827 69.026779 0.235566
W C 1043.7 113.7 1865.0 734.3 1621.3 1461.6 957.8 1258.6 518.7 839.9 238.8 1600.2
W E -0.193 84.2 63.2 -2.716 65.8 138.8 -0.662 161.9 57.8 -0.293 115.4 59.5 0.064 87.6 76.0 0.348 159.9 80.3
D C 178.8 -306.2 951.2 821.8 285.9 373.9 158.4 970.3
F 1433.089813 1206.854361 2.027638
E -0.705891 134.609691 67.995707 0.212296
W C 1043.6 113.8 1865.0 734.6 1621.2 1461.7 957.8 1258.3 518.6 839.9 239.2 1600.4
W E -0.193 84.2 63.2 -2.716 65.8 138.7 -0.662 161.7 57.7 -0.292 115.3 59.4 0.062 87.5 75.8 0.349 159.7 80.2
D C 128.9 -302.7 907.0 823.3 235.7 375.3 107.0 971.2
F 1411.996440 1245.784566 2.039783
E -0.669111 136.011702 67.679221 0.225279
W C 1043.6 113.7 1865.0 734.4 1620.8 1462.1 958.0 1258.2 518.6 840.0 239.5 1600.5
W E -0.193 84.1 63.1 -2.716 65.7 138.7 -0.662 161.5 57.6 -0.292 115.3 59.2 0.060 87.3 75.7 0.350 159.4 80.0
D C 113.7 -302.3 890.0 822.9 222.3 376.8 94.9 971.5
F 1390.542924 1284.679562 2.048788
E -0.631211 137.525789 67.546387 0.232006
W C 1043.6 113.7 1865.1 734.3 1620.5 1462.6 958.1 1258.0 518.6 840.0 239.8 1600.6
W E -0.193 84.1 63.1 -2.716 65.7 138.6 -0.661 161.4 57.5 -0.292 115.2 59.0 0.057 87.2 75.6 0.350 159.2 79.9
D C 66.0 -310.7 840.0 820.9 174.6 375.8 44.1 974.0
F 1369.402754 1322.249033 2.055149
E -0.592890 139.196415 67.533062 0.235693
W C 1043.5 113.6 1865.1 733.8 1620.2 1463.3 958.3 1257.8 518.6 840.0 240.2 1600.7
W E -0.193 84.1 63.1 -2.716 65.7 138.6 -0.661 161.2 57.4 -0.291 115.2 58.9 0.055 87.1 75.4 0.351 159.0 79.8
D C 33.1 -313.4 805.3 821.5 142.7 377.7 11.2 970.1
F 1348.522571 1357.896885 2.060700
E -0.554359 141.109354 67.633356 0.238840
W C 1043.4 113.3 1865.2 732.8 1620.2 1464.5 958.5 1257.6 518.7 840.0 240.5 1600.6
W E -0.193 84.1 63.1 -2.715 65.7 138.5 -0.661 161.1 57.3 -0.291 115.1 58.7 0.053 87.0 75.3 0.351 158.8 79.6
D C 19.5 -314.1 787.0 817.8 126.4 379.8 -3.7 969.8
F 1347.712863 1357.913485 2.061117
E -0.554189 140.483322 66.256094 0.216308
W C 1043.3 113.3 1865.2 733.0 1619.9 1464.9 958.6 1257.2 518.5 840.0 240.8 1600.7
W E -0.193 84.1 63.1 -2.715 65.7 138.5 -0.661 160.9 57.1 -0.290 115.0 58.6 0.051 86.9 75.2 0.352 158.6 79.5
D C -32.5 -322.0 739.6 817.2 75.5 375.2 -57.4 971.4
F 1324.192551 1394.656985 2.128469
E -0.517949 142.591875 66.470325 0.237997
W C 1043.1 113.2 1865.1 732.5 1620.0 1465.9 958.7 1256.9 518.4 839.9 241.1 1600.7
W E -0.193 84.1 63.1 -2.715 65.7 138.4 -0.661 160.8 57.0 -0.289 115.0 58.4 0.049 86.8 75.0 0.352 158.4 79.3
D C -47.5 -322.1 722.7 813.6 62.7 376.4 -69.6 973.6
F 1298.373532 1429.435998 2.198124
E -0.479656 144.710343 67.214597 0.258012
W C 1042.9 113.1 1865.0 732.2 1620.0 1466.9 958.9 1256.4 518.2 839.9 241.4 1600.5
W E -0.193 84.1 63.1 -2.715 65.7 138.4 -0.660 160.7 56.8 -0.289 114.9 58.3 0.049 86.7 75.0 0.353 158.2 79.2
D C -112.3 -327.2 725.8 768.1 37.2 368.9
F 1268.865411 1463.685252 2.283931
E -0.441006 147.013641 68.510101 0.277695
W C 1042.9 113.2 1865.0 732.3 1619.9 1466.9 959.1 1256.4 518.1 840.0 241.4 1600.3
W E -0.193 84.1 63.1 -2.715 65.7 138.4 -0.660 160.6 56.8 -0.288 114.8 58.2 0.049 86.7 75.0 0.353 158.1 79.1
D C 737.4 716.2 29.7 360.8
F 1268.272930 1464.276746 2.280832
E -0.444190 146.649157 67.604600 0.257462
W C 1042.9 113.2 1864.9 732.5 1619.5 1467.3 959.3 1256.2 518.0 840.0 241.8 1600.4
W E -0.193 84.1 63.1 -2.715 65.6 138.3 -0.660 160.5 56.8 -0.288 114.8 58.1 0.049 86.7 75.0 0.354 158.0 79.0
D C 749.0 659.2 21.4 352.5
F 1235.423249 1495.434046 2.369689
E -0.404645 148.771767 68.852506 0.278328
W C 1042.8 113.2 1864.9 732.6 1619.2 1467.4 959.5 1256.1 517.9 840.0 242.0 1600.4
W E -0.193 84.1 63.1 -2.714 65.6 138.3 -0.660 160.4 56.8 -0.287 114.7 58.1 0.049 86.7 75.0 0.354 157.8 78.9
D C 758.7 612.0 13.7 349.5
F 1200.755953 1524.078562 2.453796
E -0.362893 150.681783 70.419480 0.291271
W C 1042.8 113.2 1864.9 732.6 1619.2 1467.4 959.5 1256.1 517.9 840.1 242.0 1600.3
W E -0.193 84.1 63.1 -2.714 65.6 138.3 -0.660 160.3 56.8 -0.287 114.6 58.0 0.049 86.7 75.0 0.355 157.7 78.8
D C 758.2 585.2 7.2 348.2
F 1164.103910 1549.155716 2.541418
E -0.320635 152.306078 72.211680 0.298951
W C 1042.8 113.2 1864.9 732.6 1619.2 1467.4 959.6 1256.2 517.8 840.1 242.0 1600.1
W E -0.193 84.1 63.1 -2.714 65.6 138.3 -0.660 160.2 56.8 -0.286 114.6 58.0 0.049 86.7 75.0 0.356 157.6 78.7
D C 770.6 508.9 -4.5 342.3
F 1163.817098 1549.393220 2.538963
E -0.326790 151.744776 71.078767 0.274805
W C 1042.7 113.2 1864.8 732.7 1619.0 1467.5 959.7 1256.2 517.8 840.0 242.2 1600.1
W E -0.193 84.1 63.1 -2.714 65.6 138.3 -0.660 160.1 56.8 -0.286 114.5 57.9 0.049 86.7 75.0 0.356 157.4 78.6
D C 766.6 476.4 -6.5 341.0
F 1123.795668 1570.677675 2.638469
E -0.288382 152.927482 72.160865 0.279395
W C 1042.7 113.2 1864.8 732.8 1618.7 1467.7 959.8 1256.2 517.9 840.0 242.3 1600.1
W E -0.193 84.1 63.1 -2.714 65.6 138.3 -0.660 160.0 56.8 -0.285 114.4 57.8 0.047 86.6 74.8 0.356 157.3 78.5
D C 760.5 392.3 151.5 927.9 -23.1 337.4
F 1082.640735 1587.354503 2.784799
E -0.250760 153.835336 73.310348 0.296767
W C 1042.6 113.2 1864.7 732.8 1618.4 1467.8 959.9 1256.4 518.1 839.7 242.3 1600.1
W E -0.193 84.1 63.1 -2.714 65.6 138.3 -0.660 159.9 56.8 -0.285 114.3 57.7 0.044 86.5 74.6 0.357 157.1 78.4
D C 755.6 338.4 180.4 910.6 -30.4 337.6
F 1042.036052 1599.954485 2.908852
E -0.213581 154.075856 74.427579 0.302732
W C 1042.6 113.2 1864.6 732.7 1618.4 1467.7 959.8 1256.8 518.4 839.6 242.2 1600.0
W E -0.193 84.1 63.1 -2.714 65.6 138.2 -0.660 159.8 56.8 -0.285 114.2 57.7 0.042 86.4 74.5 0.357 157.0 78.2
D C 757.7 290.3 220.0 892.9 -24.9 334.6
F 1002.448547 1606.593624 3.017357
E -0.180365 153.700316 75.330681 0.295801
W C 1042.5 113.2 1864.6 732.6 1618.4 1467.5 959.7 1257.0 518.7 839.5 242.1 1599.8
W E -0.193 84.1 63.1 -2.714 65.6 138.2 -0.660 159.8 56.8 -0.285 114.1 57.6 0.039 86.3 74.3 0.357 156.8 78.1
D C 753.6 172.2 303.5 850.2 -19.5 330.7
F 1001.557336 1606.698285 3.011502
E -0.189851 152.985112 73.693183 0.262295
W C 1042.5 113.2 1864.6 732.7 1618.1 1467.7 959.9 1257.0 518.8 839.5 242.0 1599.8
W E -0.193 84.1 63.1 -2.714 65.6 138.2 -0.660 159.7 56.8 -0.285 114.0 57.6 0.037 86.2 74.2 0.357 156.7 78.0
D C 738.4 98.5 347.6 819.4 -20.3 325.7
F 960.329456 1606.194558 -3.150152
E -0.157095 152.326343 74.404627 0.273980
W C 1042.5 113.2 1864.5 732.7 1618.0 1467.7 960.0 1257.1 518.9 839.5 241.9 1599.7
W E -0.193 84.1 63.1 -2.714 65.6 138.2 -0.660 159.7 56.8 -0.285 113.9 57.5 0.035 86.2 74.1 0.357 156.5 77.8
D C 717.3 27.0 393.3 776.9 -18.0 321.5
F 920.419351 1601.509081 -3.033100
E -0.126288 151.237870 75.139347 0.278785
W C 1042.5 113.2 1864.5 732.6 1617.9 1467.7 960.0 1257.2 519.1 839.4 241.7 1599.6
W E -0.193 84.1 63.1 -2.714 65.6 138.2 -0.660 159.6 56.8 -0.285 113.8 57.5 0.033 86.1 73.9 0.358 156.4 77.7
D C 686.3 -48.0 429.1 732.3 -16.8 318.1
F 881.645839 1594.528833 -2.926541
E -0.096084 149.769672 75.947006 0.282955
W C 1042.5 113.2 1864.5 732.5 1618.0 1467.5 959.9 1257.4 519.3 839.5 241.3 1599.3
W E -0.193 84.1 63.1 -2.714 65.6 138.2 -0.661 159.6 56.8 -0.286 113.7 57.4 0.031 86.0 73.7 0.358 156.2 77.5
D C 674.1 -78.4 446.2 710.7 -17.8 317.5
F 841.197193 1582.317732 -2.866352
E -0.067129 147.952995 76.767238 0.272767
W C 1042.5 113.2 1864.5 732.5 1618.1 1467.4 959.7 1257.5 519.4 839.5 241.0 1599.2
W E -0.193 84.1 63.1 -2.714 65.6 138.2 -0.661 159.5 56.8 -0.286 113.6 57.3 0.030 85.9 73.6 0.358 156.1 77.4
D C 609.6 -186.5 504.6 627.4 -14.5 310.6
F 840.709256 1578.389565 -2.845676
E -0.074945 147.334754 74.397450 0.238540
W C 1042.1 113.5 1864.6 732.2 1618.2 1467.2 960.1 1257.3 519.7 839.2 240.8 1599.0
W E -0.190 83.9 63.0 -2.714 65.6 138.2 -0.660 159.4 56.7 -0.286 113.5 57.2 0.030 85.8 73.4 0.358 155.9 77.1
D C 563.9 -251.5 530.6 579.1 277.6 1401.2 -14.4 307.3
F 798.223417 1561.419272 -2.819619
E -0.043860 145.466672 75.197552 0.248248
W C 1042.2 113.5 1864.6 732.2 1618.2 1467.2 960.2 1257.2 519.8 839.1 240.5 1599.1
W E -0.190 83.9 63.0 -2.714 65.6 138.1 -0.660 159.4 56.7 -0.287 113.5 57.2 0.029 85.7 73.2 0.358 155.8 76.9
D C 514.5 -280.6 518.6 548.9 -35.7 302.6
F 757.024856 1542.173407 -2.783478
E -0.013636 143.686598 76.036226 0.252880
W C 1042.4 113.5 1864.6 732.2 1618.2 1467.2 960.3 1257.2 519.7 839.1 240.2 1599.4
W E -0.190 83.9 63.0 -2.714 65.6 138.1 -0.660 159.4 56.7 -0.287 113.4 57.1 0.028 85.7 73.1 0.358 155.6 76.8
D C 462.0 -312.3 514.2 521.3 -55.7 302.8
F 716.904086 1520.860360 -2.748344
E 0.018983 142.195694 76.451296 0.249846
W C 1041.8 113.7 1864.7 732.0 1618.4 1467.1 961.0 1257.1 519.8 838.6 239.9 1599.0
W E -0.187 83.7 62.9 -2.714 65.6 138.1 -0.660 159.3 56.7 -0.287 113.3 57.0 0.030 85.6 72.9 0.358 155.5 76.5
D C 438.5 -324.7 505.4 512.4 343.0 1356.1
F 716.522393 1517.460500 -2.731170
E 0.014732 141.872476 74.956633 0.232002
W C 1041.9 113.7 1864.7 732.1 1618.2 1467.2 961.1 1257.0 519.9 838.5 239.6 1599.3
W E -0.187 83.7 62.9 -2.714 65.6 138.1 -0.660 159.3 56.7 -0.287 113.3 57.0 0.030 85.5 72.7 0.359 155.4 76.3
D C 383.7 -330.5 458.1 506.2
F 676.007832 1496.082889 -2.710758
E 0.048546 140.325146 75.413373 0.240450
W C 1041.7 113.9 1864.8 731.9 1618.3 1467.0 961.5 1256.9 520.0 838.2 239.4 1599.2
W E -0.185 83.6 62.8 -2.714 65.6 138.0 -0.660 159.2 56.7 -0.287 113.3 57.0 0.033 85.4 72.6 0.359 155.3 76.1
D C 366.5 -329.6 439.9 510.8 282.2 1358.8
F 636.442576 1474.790898 -2.696646
E 0.081078 138.844912 75.844429 0.243654
W C 1041.5 114.1 1864.8 731.6 1618.4 1466.8 961.7 1256.7 520.2 837.9 239.3 1599.2
W E -0.182 83.4 62.7 -2.714 65.6 137.9 -0.660 159.1 56.7 -0.287 113.2 56.9 0.035 85.3 72.4 0.359 155.2 75.8
D C 314.1 -329.4 389.6 509.6 234.2 1355.6
F 596.587028 1454.020270 -2.687667
E 0.111327 137.455645 76.845939 0.254946
W C 1041.6 114.1 1864.8 731.6 1618.5 1466.8 961.8 1256.7 520.2 837.8 239.0 1599.3
W E -0.182 83.4 62.7 -2.714 65.6 137.9 -0.660 159.0 56.7 -0.287 113.2 56.9 0.036 85.2 72.3 0.359 155.0 75.6
D C 281.4 -334.0 358.1 509.2
F 558.280401 1433.702069 -2.680545
E 0.143682 136.049779 77.492203 0.251750
W C 1041.4 114.3 1865.0 731.3 1619.0 1466.4 962.2 1256.7 520.1 837.7 238.6 1599.0
W E -0.179 83.3 62.6 -2.713 65.6 137.9 -0.660 158.9 56.7 -0.287 113.1 56.8 0.039 85.1 72.1 0.359 154.9 75.4
D C 264.3 -331.8 342.2 513.0 188.3 1362.5
F 558.029982 1432.418677 -2.675408
E 0.140273 135.501993 76.188738 0.234049
W C 1041.5 114.3 1864.9 731.4 1618.8 1466.5 962.1 1256.7 520.3 837.6 238.4 1599.3
W E -0.179 83.3 62.6 -2.713 65.6 137.9 -0.660 158.9 56.7 -0.287 113.1 56.8 0.039 85.0 72.0 0.359 154.8 75.2
D C 211.3 -333.1 291.9 512.5
F 517.586774 1411.186634 -2.671750
E 0.170992 134.217816 77.456872 0.250716
W C 1041.5 114.2 1864.9 731.5 1618.6 1466.7 962.0 1256.6 520.5 837.5 238.2 1599.5
W E -0.179 83.2 62.6 -2.713 65.6 137.8 -0.660 158.8 56.7 -0.288 113.1 56.8 0.039 85.0 71.8 0.359 154.7 75.1
D C 162.4 -332.1 238.8 514.0
F 479.096276 1389.466275 -2.610359
E 0.201684 132.926675 79.203468 0.267922
W C 1041.5 114.2 1864.9 731.4 1618.7 1466.5 962.1 1256.6 520.7 837.5 237.4 1599.5
W E -0.179 83.2 62.6 -2.713 65.6 137.8 -0.660 158.8 56.7 -0.288 113.0 56.8 0.039 84.9 71.7 0.359 154.6 75.0
D C 143.5 -331.4 221.4 517.6
F 442.620456 1367.941259 -2.557772
E 0.236370 131.418114 80.674971 0.267963
W C 1041.7 114.3 1865.0 731.0 1619.1 1466.0 962.4 1256.4 520.8 837.5 236.4 1599.5
W E -0.176 83.1 62.6 -2.713 65.6 137.8 -0.660 158.7 56.7 -0.288 113.0 56.8 0.041 84.8 71.6 0.359 154.4 74.8
D C 109.7 -338.3 205.5 510.3 87.2 1366.9
F 442.318489 1367.575447 -2.561998
E 0.237797 130.659895 79.097616 0.240391
W C 1041.5 114.5 1865.1 730.9 1619.2 1465.9 962.5 1256.2 521.1 837.3 236.1 1599.5
W E -0.173 82.9 62.5 -2.713 65.6 137.7 -0.660 158.6 56.7 -0.287 112.9 56.7 0.043 84.7 71.4 0.359 154.3 74.6
D C 51.7 -354.2 204.8 495.6 152.2 1344.3
F 407.939594 1340.160382 -2.480270
E 0.276893 129.160871 80.688121 0.256586
W C 1041.4 114.7 1865.1 730.7 1619.3 1465.6 962.7 1256.0 521.4 837.1 235.5 1599.4
W E -0.170 82.7 62.4 -2.713 65.6 137.7 -0.660 158.6 56.7 -0.287 112.9 56.7 0.045 84.5 71.3 0.359 154.1 74.4
D C -2.0 -366.8 201.7 479.7 201.0 1334.0
F 375.401953 1309.000638 -2.395845
E 0.318285 127.503944 82.603771 0.266503
W C 1041.3 114.8 1865.2 730.5 1619.4 1465.5 962.8 1255.9 521.7 837.0 234.8 1599.3
W E -0.167 82.6 62.4 -2.713 65.6 137.6 -0.660 158.5 56.7 -0.287 112.8 56.7 0.046 84.4 71.2 0.359 153.9 74.2
D C -89.3 -367.3 193.6 452.6 287.5 1303.5
F 346.592277 1277.756702 -2.324913
E 0.355213 125.796206 85.516362 0.285087
W C 1041.3 114.7 1865.2 730.5 1619.6 1465.3 963.0 1255.8 522.1 836.9 233.3 1599.4
W E -0.167 82.6 62.4 -2.713 65.6 137.6 -0.660 158.5 56.7 -0.287 112.8 56.7 0.045 84.3 71.0 0.359 153.8 74.1
D C -114.9 -367.4 192.3 445.6
F 346.171453 1277.887297 -2.327529
E 0.362444 125.432185 84.939929 0.272772
W C 1041.3 114.7 1865.2 730.6 1619.5 1465.3 963.0 1255.8 522.2 837.0 233.2 1599.3
W E -0.167 82.6 62.3 -2.713 65.6 137.6 -0.660 158.5 56.7 -0.287 112.8 56.7 0.044 84.3 70.9 0.359 153.8 74.1
D C 188.6 433.5
F 319.369447 1241.228803 -2.183005
E 0.415042 123.945758 88.019608 0.301627
W C 1041.1 114.7 1865.3 730.7 1619.4 1465.4 962.9 1255.8 522.2 837.1 233.3 1599.3
W E -0.167 82.5 62.3 -2.714 65.5 137.5 -0.660 158.4 56.7 -0.287 112.8 56.7 0.043 84.2 70.8 0.358 153.7 74.0
D C 180.2 421.1 -535.6 1553.0
F 298.140105 1202.139827 -2.031655
E 0.467630 122.061562 91.139816 0.321184
W C 1040.9 114.6 1865.3 730.8 1619.3 1465.5 962.8 1255.7 522.3 837.2 233.5 1599.2
W E -0.167 82.5 62.3 -2.715 65.4 137.5 -0.660 158.4 56.7 -0.287 112.8 56.7 0.041 84.1 70.7 0.358 153.6 74.0
D C 191.5 396.3 -394.3 1589.8
F 281.249829 1164.363508 -1.919563
E 0.511889 119.765687 93.843561 0.323914
W C 1040.8 114.6 1865.3 731.0 1619.3 1465.5 962.9 1255.6 522.3 837.4 233.7 1599.2
W E -0.167 82.5 62.3 -2.716 65.3 137.4 -0.660 158.4 56.7 -0.287 112.8 56.6 0.038 84.0 70.6 0.357 153.6 73.9
D C 195.4 385.9 -341.6 1607.4
F 268.819321 1125.064472 -1.835261
E 0.547508 117.201064 96.269929 0.316378
W C 1040.7 114.6 1865.3 731.1 1619.3 1465.5 962.9 1255.5 522.4 837.4 233.8 1599.1
W E -0.167 82.5 62.3 -2.717 65.2 137.3 -0.660 158.4 56.7 -0.288 112.8 56.6 0.035 83.9 70.5 0.357 153.5 73.8
D C 197.8 352.4 -152.7 1641.1
F 268.405440 1125.073922 -1.838101
E 0.561017 116.824785 95.623154 0.301254
W C 1040.7 114.6 1865.3 731.1 1619.2 1465.5 962.9 1255.5 522.4 837.5 233.8 1599.1
W E -0.167 82.5 62.3 -2.717 65.2 137.3 -0.660 158.4 56.7 -0.288 112.8 56.6 0.033 83.9 70.4 0.357 153.5 73.8
D C 201.8 323.6
F 259.063145 1080.481732 -1.818441
E 0.600675 114.024248 98.305137 0.298846
W C 1040.8 114.6 1865.2 731.1 1619.2 1465.6 962.8 1255.6 522.6 837.5 233.6 1599.0
W E -0.167 82.5 62.3 -2.718 65.1 137.2 -0.660 158.4 56.7 -0.288 112.8 56.6 0.030 83.8 70.2 0.356 153.4 73.7
D C 186.7 307.7 73.9 1631.5
F 251.824760 1036.313318 -1.792827
E 0.642412 111.409073 101.034801 0.297444
W C 1040.8 114.6 1865.2 731.0 1619.1 1465.6 962.7 1255.6 522.8 837.3 233.4 1599.1
W E -0.167 82.5 62.3 -2.719 65.0 137.2 -0.660 158.4 56.6 -0.288 112.8 56.6 0.026 83.7 70.1 0.355 153.4 73.7
D C 156.7 300.3 108.7 1625.6
F 248.437117 991.352219 -1.702244
E 0.704283 108.781578 101.770723 0.284690
W C 1040.5 114.7 1865.4 731.0 1619.1 1465.7 962.7 1255.6 522.9 837.0 233.4 1599.2
W E -0.165 82.3 62.3 -2.720 64.9 137.1 -0.660 158.4 56.6 -0.287 112.7 56.6 0.022 83.5 69.8 0.354 153.2 73.5
D C 777.9 870.3 142.8 297.7 130.5 1647.7
F 245.776454 946.953884 -1.621847
E 0.761649 106.049808 102.265435 0.281315
W C 1040.5 114.8 1865.4 730.8 1619.2 1465.6 962.8 1255.6 523.0 837.0 233.5 1599.1
W E -0.163 82.0 62.2 -2.721 64.8 137.0 -0.660 158.3 56.6 -0.287 112.7 56.6 0.018 83.3 69.6 0.353 153.1 73.3
D C 744.5 853.8 91.7 296.6 109.0 1630.4
F 246.095648 945.273822 -1.623558
E 0.751720 105.519633 100.182825 0.262483
W C 1040.1 114.9 1865.5 730.7 1619.2 1465.5 962.8 1255.4 523.4 837.3 233.3 1598.5
W E -0.161 81.9 62.2 -2.720 64.7 136.9 -0.660 158.3 56.6 -0.287 112.7 56.6 0.016 83.2 69.3 0.352 153.0 73.2
D C 769.1 794.2 75.3 286.5
F 249.095079 898.934084 -1.527705
E 0.706555 102.726818 101.512691 0.285396
W C 1039.8 115.0 1865.5 730.7 1619.2 1465.4 962.9 1255.3 523.6 837.5 233.1 1598.0
W E -0.159 81.7 62.1 -2.720 64.7 136.9 -0.660 158.2 56.6 -0.287 112.7 56.6 0.015 83.1 69.1 0.351 152.9 73.0
D C 796.1 731.6 59.8 275.2
F 255.867479 853.105853 -1.437613
E -0.556320 102.781064 99.840835 0.299546
W C 1039.6 115.1 1865.6 730.5 1619.3 1465.3 963.0 1255.2 523.8 837.7 233.0 1597.6
W E -0.157 81.5 62.0 -2.720 64.7 136.9 -0.660 158.2 56.6 -0.287 112.6 56.6 0.015 83.0 68.8 0.350 152.9 72.9
D C 798.9 673.2 39.8 269.8
F 265.256834 810.034101 -1.355679
E -0.540517 103.097742 97.019350 0.293305
W C 1039.7 115.2 1865.7 730.4 1619.1 1465.2 963.1 1255.2 523.9 837.6 233.2 1597.8
W E -0.154 81.4 62.0 -2.720 64.7 136.8 -0.660 158.2 56.5 -0.287 112.6 56.5 0.015 82.9 68.4 0.349 152.8 72.8
D C 806.7 646.7 27.1 268.4 -373.5 1413.0
F 267.174088 807.335822 -1.354076
E -0.436380 99.707199 96.468680 0.262684
W C 1039.6 115.2 1865.7 730.3 1619.1 1465.1 963.1 1255.0 524.2 838.3 232.8 1597.0
W E -0.152 81.2 61.9 -2.721 64.6 136.8 -0.660 158.1 56.5 -0.287 112.6 56.5 0.016 82.8 68.1 0.348 152.7 72.7
D C 816.6 568.6 474.0 1516.4 -0.2 265.4
F 282.795690 762.664050 -1.260806
E -0.475762 101.063999 93.893725 0.289403
W C 1039.8 115.1 1865.8 730.1 1619.1 1465.0 963.1 1254.9 524.1 839.2 232.5 1596.4
W E -0.152 81.1 61.9 -2.722 64.5 136.7 -0.660 158.1 56.5 -0.287 112.6 56.5 0.019 82.7 67.9 0.348 152.7 72.6
D C 572.4 1473.6 -29.0 267.1
F 300.627747 721.945627 -1.170037
E -0.481070 101.237642 91.838474 0.290498
W C 1039.7 115.2 1865.7 730.0 1619.2 1464.9 963.2 1254.9 524.1 839.0 232.6 1596.4
W E -0.151 80.9 61.9 -2.722 64.4 136.6 -0.660 158.1 56.5 -0.286 112.6 56.5 0.020 82.7 67.8 0.347 152.7 72.6
D C 817.8 457.5 599.2 1437.2
F 321.779168 681.976029 -1.081892
E -0.476335 101.373171 89.994914 0.291563
W C 1039.7 115.3 1865.7 729.9 1619.3 1464.9 963.2 1254.8 524.2 838.9 232.7 1596.4
W E -0.150 80.7 61.8 -2.723 64.3 136.6 -0.660 158.1 56.5 -0.286 112.6 56.5 0.022 82.6 67.8 0.347 152.6 72.5
D C 813.0 394.5 662.2 1391.8
F 344.461851 645.181673 -1.001336
E -0.469475 101.288697 88.403990 0.289713
W C 1039.6 115.4 1865.7 729.8 1619.3 1464.8 963.3 1254.8 524.2 838.7 232.8 1596.5
W E -0.149 80.6 61.8 -2.723 64.2 136.5 -0.660 158.0 56.5 -0.286 112.6 56.5 0.024 82.5 67.7 0.347 152.6 72.5
D C 801.2 338.3 710.7 1352.0
F 346.406125 644.962044 -0.995292
E -0.545551 99.106723 87.605651 0.252229
W C 1039.6 115.6 1865.7 729.7 1619.3 1464.5 963.4 1254.7 524.5 838.7 232.9 1596.3
W E -0.148 80.4 61.7 -2.724 64.1 136.4 -0.660 158.0 56.4 -0.286 112.5 56.5 0.024 82.4 67.7 0.347 152.6 72.4
D C 783.6 281.0 764.5 1295.6 35.1 1477.0
F 376.424620 609.854229 -0.897806
E -0.550821 99.071304 85.519870 0.259030
W C 1039.5 115.8 1865.7 729.6 1619.3 1464.3 963.5 1254.7 524.7 838.7 233.0 1596.2
W E -0.148 80.2 61.6 -2.724 63.9 136.3 -0.660 158.0 56.3 -0.286 112.5 56.5 0.025 82.4 67.6 0.347 152.6 72.4
D C 764.5 209.6 833.2 1216.3 116.1 1466.2
F 407.171774 576.900004 -0.817795
E -0.546686 98.910103 83.217799 0.254280
W C 1039.6 115.9 1865.8 729.5 1619.2 1464.1 963.4 1254.5 524.9 838.9 233.1 1596.4
W E -0.148 80.0 61.6 -2.724 63.8 136.3 -0.660 157.9 56.2 -0.286 112.5 56.4 0.025 82.3 67.5 0.347 152.6 72.3
D C 750.4 188.6 850.1 1201.2 138.7 1465.5 -131.7 814.5
F 439.776471 546.721738 -0.741571
E -0.536278 98.641378 81.010257 0.251107
W C 1039.7 116.0 1865.9 729.3 1619.1 1463.9 963.2 1254.3 525.1 839.0 233.3 1596.5
W E -0.148 79.9 61.5 -2.725 63.7 136.2 -0.660 157.9 56.2 -0.286 112.4 56.4 0.025 82.2 67.5 0.347 152.6 72.3
D C 727.1 133.6 899.2 1132.4 210.0 1454.1 -106.8 819.3
F 441.285883 547.091051 -0.737629
E -0.574692 97.264524 79.826154 0.222377
W C 1039.6 116.2 1866.0 729.2 1619.2 1463.6 963.2 1254.1 525.3 839.2 233.4 1596.5
W E -0.149 79.7 61.4 -2.725 63.6 136.1 -0.660 157.8 56.1 -0.285 112.4 56.3 0.026 82.2 67.4 0.347 152.6 72.3
D C 698.3 82.3 944.5 1076.4 270.3 1433.5 -82.0 825.8
F 477.854558 520.775989 -0.646469
E -0.554293 97.045438 77.589763 0.237420
W C 1039.7 116.4 1866.0 729.0 1619.2 1463.4 963.2 1253.9 525.5 839.3 233.6 1596.6
W E -0.149 79.5 61.3 -2.725 63.5 136.0 -0.660 157.8 56.0 -0.285 112.4 56.2 0.026 82.1 67.3 0.347 152.5 72.2
D C 666.6 37.4 967.4 1005.2 325.5 1413.6 -64.3 828.6
F 516.731009 497.554080 -0.556163
E -0.532058 96.708423 75.568669 0.243734
W C 1039.7 116.6 1866.1 728.8 1619.2 1463.1 963.2 1253.7 525.6 839.4 233.8 1596.6
W E -0.150 79.4 61.3 -2.725 63.4 136.0 -0.659 157.7 55.9 -0.285 112.3 56.2 0.026 82.1 67.3 0.346 152.5 72.2
D C 622.5 -24.4 1014.1 914.9 411.7 1376.0 -33.9 834.3
F 555.767047 476.830649 -0.480327
E -0.510720 96.251741 73.766551 0.245619
W C 1039.9 116.8 1866.1 728.6 1619.3 1462.9 963.2 1253.4 525.6 839.6 234.0 1596.8
W E -0.151 79.2 61.2 -2.725 63.3 135.9 -0.659 157.7 55.8 -0.285 112.3 56.1 0.026 82.0 67.2 0.346 152.5 72.2
D C 604.6 -51.6 1023.5 862.5 449.3 1363.5 -13.3 827.0
F 594.833723 458.960600 -0.409457
E -0.492833 95.704790 72.174142 0.245258
W C 1040.1 117.0 1866.1 728.4 1619.3 1462.6 963.1 1253.2 525.6 839.7 234.2 1597.0
W E -0.152 79.1 61.1 -2.725 63.2 135.8 -0.659 157.6 55.7 -0.285 112.3 56.0 0.026 82.0 67.1 0.346 152.5 72.1
D C 568.7 -89.3 1040.7 798.1 498.2 1330.7 -0.6 831.2
F 595.723757 459.591638 -0.405844
E -0.514241 94.596072 70.809616 0.217751
W C 1040.2 117.2 1866.1 728.2 1619.4 1462.3 963.2 1252.9 525.7 839.8 234.3 1597.1
W E -0.153 78.9 61.0 -2.725 63.0 135.7 -0.659 157.5 55.6 -0.284 112.2 56.0 0.027 81.9 67.1 0.346 152.5 72.1
D C 527.9 -130.1 1061.6 724.8 555.9 1288.5 29.9 827.4
F 638.149008 445.728051 -0.339756
E -0.494360 94.026173 69.296842 0.229634
W C 1040.4 117.4 1866.2 728.0 1619.4 1462.1 963.2 1252.7 525.7 839.9 234.5 1597.2
W E -0.155 78.7 60.9 -2.725 62.9 135.6 -0.659 157.5 55.5 -0.284 112.2 55.9 0.027 81.9 67.0 0.346 152.5 72.1
D C 489.8 -161.4 1074.0 658.4 599.7 1250.5 49.9 822.7
F 682.176639 433.882679 -0.316998
E -0.479962 93.377242 68.084279 0.231376
W C 1040.5 117.6 1866.2 727.8 1619.5 1461.9 963.2 1252.5 525.7 840.0 234.7 1597.2
W E -0.157 78.6 60.8 -2.725 62.8 135.5 -0.659 157.4 55.4 -0.284 112.1 55.8 0.027 81.9 67.0 0.346 152.4 72.1
D C 424.9 -203.8 1063.6 573.7 634.1 1206.3 54.5 815.3
F 724.877804 422.510435 -0.299146
E -0.471929 92.738618 67.134525 0.231736
W C 1040.7 117.8 1866.2 727.6 1619.6 1461.6 963.3 1252.3 525.5 840.1 234.9 1597.4
W E -0.160 78.4 60.6 -2.725 62.7 135.5 -0.658 157.4 55.3 -0.283 112.1 55.7 0.028 81.8 67.0 0.346 152.4 72.0
D C 408.4 -202.0 1043.3 583.6 616.2 1207.9 36.9 814.5
F 725.615759 423.704321 -0.292097
E -0.486214 91.715253 65.705277 0.208321
W C 1040.9 118.0 1866.2 727.4 1619.7 1461.4 963.3 1252.1 525.6 840.2 235.0 1597.5
W E -0.162 78.3 60.5 -2.725 62.6 135.4 -0.658 157.3 55.2 -0.283 112.1 55.7 0.028 81.8 66.9 0.346 152.4 72.0
D C 380.0 -201.3 1007.7 584.2 584.3 1208.8 4.4 815.2
F 768.953328 411.905357 -0.286682
E -0.465551 91.751471 65.767748 0.229474
W C 1041.1 118.1 1866.2 727.2 1619.7 1461.1 963.3 1251.9 525.6 840.3 235.1 1597.6
W E -0.164 78.2 60.5 -2.725 62.5 135.3 -0.658 157.3 55.2 -0.283 112.0 55.6 0.027 81.8 66.9 0.346 152.4 72.0
D C 962.2 581.7 529.8 1207.7 -43.5 821.1
F 811.269977 400.325974 -0.279730
E -0.469476 91.052168 65.333464 0.230006
W C 1041.4 118.4 1866.1 726.9 1619.8 1460.8 963.4 1251.7 525.5 840.3 235.3 1597.7
W E -0.168 78.0 60.4 -2.725 62.3 135.2 -0.658 157.2 55.1 -0.283 112.0 55.6 0.028 81.8 66.9 0.346 152.4 72.0
D C 314.8 -199.0 943.1 578.1 513.7 1211.2 -58.9 823.9
F 853.624567 388.585433 -0.279034
E -0.481435 90.322021 65.155474 0.229989
W C 1041.8 118.6 1866.0 726.6 1619.9 1460.5 963.4 1251.5 525.4 840.4 235.5 1597.9
W E -0.173 77.8 60.2 -2.724 62.2 135.1 -0.657 157.2 55.0 -0.282 112.0 55.5 0.029 81.7 66.8 0.346 152.4 72.0
D C 265.7 -198.0 891.4 580.9 465.3 1208.9 -108.0 828.4
F 896.953971 377.758721 -0.268041
E -0.469755 90.433324 66.645694 0.241852
W C 1041.9 118.7 1866.1 726.5 1620.0 1460.4 963.5 1251.3 525.3 840.4 235.7 1598.0
W E -0.175 77.7 60.2 -2.725 62.1 135.1 -0.657 157.1 54.9 -0.282 112.0 55.4 0.028 81.7 66.8 0.346 152.3 71.9
D C 869.8 582.1 451.0 1216.1 -123.8 830.4
F 897.457651 378.098808 -0.268237
E -0.466039 90.015413 65.695167 0.222133
W C 1042.0 118.8 1866.0 726.4 1620.0 1460.2 963.5 1251.2 525.4 840.5 235.7 1598.0
W E -0.177 77.7 60.2 -2.725 62.0 135.0 -0.657 157.1 54.8 -0.282 111.9 55.4 0.028 81.7 66.8 0.346 152.3 71.9
D C 819.7 578.2 395.0 1211.1 -171.4 832.0
F 941.845369 368.810402 -0.198920
E -0.449811 90.321605 67.507387 0.245040
W C 1042.1 118.8 1865.9 726.6 1619.9 1460.2 963.5 1251.1 525.4 840.6 235.8 1598.1
W E -0.179 77.6 60.2 -2.725 62.0 135.0 -0.657 157.1 54.8 -0.282 111.9 55.3 0.028 81.7 66.8 0.346 152.3 71.9
D C 786.8 577.0 369.8 1208.9 -199.2 836.0
F 985.155941 362.111549 -0.129994
E -0.435632 90.553688 69.732736 0.256966
W C 1042.0 118.8 1865.9 726.8 1619.8 1460.2 963.5 1251.0 525.5 840.8 235.8 1598.1
W E -0.181 77.6 60.1 -2.725 61.9 135.0 -0.657 157.1 54.7 -0.282 111.9 55.3 0.028 81.7 66.8 0.345 152.3 71.9
D C 791.9 547.7 397.6 1194.2 -178.9 841.8
F 1029.608765 358.386155 -0.057677
E -0.427021 90.742429 72.367152 0.264166
W C 1041.8 118.7 1866.0 727.0 1619.8 1460.3 963.5 1250.9 525.5 840.8 235.9 1598.2
W E -0.182 77.5 60.1 -2.725 61.8 134.9 -0.657 157.1 54.6 -0.282 111.9 55.2 0.028 81.7 66.7 0.345 152.3 71.9
D C 800.5 487.3 456.3 1164.3 -151.4 853.1
F 1029.631336 357.930020 -0.063318
E -0.426067 90.418204 71.033561 0.238183
W C 1041.9 118.8 1865.9 727.0 1619.7 1460.2 963.6 1250.8 525.5 840.9 235.9 1598.2
W E -0.183 77.5 60.1 -2.725 61.8 134.9 -0.657 157.0 54.6 -0.282 111.9 55.2 0.028 81.7 66.7 0.345 152.3 71.9
D C 792.5 440.1 486.3 1136.8 -131.6 864.4
F 1074.836621 359.950756 0.027952
E -0.421832 90.517487 73.705507 0.254748
W C 1042.0 118.8 1865.9 727.0 1619.7 1460.1 963.6 1250.7 525.5 840.9 236.0 1598.3
W E -0.185 77.4 60.1 -2.726 61.7 134.8 -0.657 157.0 54.5 -0.282 111.9 55.2 0.028 81.7 66.7 0.345 152.3 71.9
D C 783.9 354.0 551.8 1073.5 -89.2 871.4
F 1119.129036 363.986177 0.083328
E -0.439411 90.482410 76.483533 0.257947
W C 1041.9 118.8 1865.8 727.1 1619.7 1460.1 963.6 1250.6 525.5 841.0 236.0 1598.3
W E -0.186 77.4 60.1 -2.726 61.6 134.8 -0.656 157.0 54.4 -0.282 111.8 55.1 0.028 81.7 66.7 0.345 152.3 71.9
D C 773.2 321.0 577.4 1051.0 -73.1 872.3
F 1163.440237 370.301943 0.099948
E -0.485749 90.498917 79.341417 0.256595
W C 1041.8 118.8 1865.9 727.2 1619.7 1460.1 963.7 1250.6 525.5 841.0 236.0 1598.3
W E -0.187 77.4 60.0 -2.726 61.6 134.8 -0.656 157.0 54.4 -0.281 111.8 55.1 0.028 81.7 66.7 0.345 152.3 71.9
D C 760.3 264.8 611.3 1007.6 -49.1 875.8
F 1207.227759 376.873174 0.115885
E -0.578014 90.722740 82.081259 0.255236
W C 1041.7 118.8 1865.9 727.3 1619.7 1460.1 963.8 1250.5 525.4 841.0 236.1 1598.3
W E -0.188 77.3 60.0 -2.726 61.5 134.7 -0.656 157.0 54.3 -0.281 111.8 55.0 0.028 81.7 66.7 0.345 152.3 71.9
D C 717.7 259.9 567.3 1010.5 -90.0 879.8
F 1207.120921 377.795180 0.121412
E -0.542158 90.225686 80.750865 0.231605
W C 1041.7 118.8 1865.9 727.4 1619.7 1460.1 963.8 1250.5 525.4 841.0 236.1 1598.4
W E -0.190 77.3 60.0 -2.726 61.4 134.7 -0.656 156.9 54.3 -0.281 111.8 55.0 0.028 81.7 66.7 0.345 152.3 71.9
D C 700.2 258.4 553.8 1008.0 -106.8 882.8
F 1251.428443 383.689649 0.124010
E -0.679081 90.673380 83.325748 0.242399
W C 1041.7 118.8 1865.9 727.4 1619.7 1460.1 963.9 1250.4 525.4 841.0 236.1 1598.4
W E -0.191 77.3 60.0 -2.727 61.4 134.6 -0.656 156.9 54.2 -0.281 111.8 55.0 0.028 81.7 66.7 0.345 152.3 71.9
D C 647.3 264.1 502.1 1014.8 -159.5 883.0
F 1295.375977 390.102625 0.129684
E -2.478666 85.458894 91.778281 0.248169
W C 1041.6 118.8 1865.9 727.5 1619.7 1460.1 963.9 1250.4 525.4 841.0 236.1 1598.4
W E -0.192 77.2 60.0 -2.727 61.3 134.6 -0.656 156.9 54.1 -0.281 111.8 54.9 0.028 81.7 66.6 0.345 152.2 71.9
D C 631.6 262.2 485.8 1013.0 -177.4 888.3
F 1339.072727 396.731964 0.138691
E -2.725836 86.765134 93.835583 0.251045
W C 1041.4 118.7 1866.0 727.6 1619.7 1460.2 964.0 1250.4 525.4 841.0 236.2 1598.4
W E -0.192 77.2 60.0 -2.727 61.3 134.5 -0.656 156.9 54.1 -0.281 111.7 54.9 0.028 81.7 66.6 0.345 152.2 71.9
D C 597.3 265.3 449.4 1015.8 -211.3 886.6
F 1339.301284 396.327808 0.135102
E -2.664440 86.073970 92.812050 0.228767
W C 1041.5 118.7 1865.9 727.7 1619.7 1460.1 964.1 1250.3 525.4 841.0 236.2 1598.4
W E -0.193 77.2 59.9 -2.727 61.2 134.5 -0.656 156.8 54.0 -0.281 111.7 54.8 0.028 81.7 66.6 0.345 152.2 71.9
D C 549.5 266.6 401.0 1013.9 -258.8 889.9
F 1384.064813 402.559705 0.135876
E -2.857840 86.924428 95.484436 0.241889
W C 1041.4 118.7 1865.9 727.8 1619.7 1460.2 964.1 1250.3 525.4 841.0 236.2 1598.4
W E -0.194 77.1 59.9 -2.728 61.2 134.4 -0.656 156.8 54.0 -0.281 111.7 54.8 0.028 81.7 66.6 0.345 152.2 71.9
D C 534.7 265.6 387.7 1016.7 -272.4 895.5
F 1427.809652 408.256454 0.134808
E -2.961503 87.358875 98.818319 0.254848
W C 1041.3 118.7 1865.9 727.8 1619.7 1460.1 964.2 1250.3 525.4 841.0 236.2 1598.4
W E -0.195 77.1 59.9 -2.728 61.1 134.3 -0.656 156.8 54.0 -0.281 111.7 54.8 0.028 81.7 66.6 0.345 152.2 71.9
D C 487.4 268.7 335.3 1017.6
F 1471.876623 414.427882 0.138542
E -3.021601 87.659694 102.501270 0.262919
W C 1041.2 118.7 1866.0 727.9 1619.8 1460.1 964.1 1250.3 525.4 841.0 236.2 1598.4
W E -0.196 77.1 59.9 -2.728 61.0 134.3 -0.655 156.8 53.9 -0.281 111.7 54.8 0.028 81.7 66.6 0.345 152.2 71.9
D C 455.4 265.9 303.6 1014.8
F 1471.821754 414.073545 0.136953
E -3.006838 87.260093 101.362775 0.243090
W C 1041.2 118.7 1866.0 727.9 1619.8 1460.1 964.2 1250.3 525.4 841.0 236.2 1598.4
W E -0.196 77.1 59.9 -2.729 61.0 134.2 -0.655 156.7 53.9 -0.281 111.7 54.8 0.028 81.7 66.6 0.345 152.2 71.9
D C 436.2 267.4 290.6 1016.7
F 1516.421394 419.640522 0.133925
E -3.050343 87.522604 105.146120 0.256840
W C 1041.2 118.7 1865.9 728.0 1619.8 1460.1 964.2 1250.3 525.3 841.0 236.2 1598.4
W E -0.197 77.0 59.9 -2.729 60.9 134.2 -0.655 156.7 53.8 -0.281 111.7 54.8 0.028 81.7 66.6 0.345 152.2 71.9
D C 389.4 271.1 237.9 1018.8
F 1560.349348 425.637666 0.134716
E -3.080444 87.722410 109.134026 0.264731
W C 1041.1 118.6 1866.0 728.0 1619.8 1460.1 964.2 1250.3 525.3 841.0 236.2 1598.4
W E -0.198 77.0 59.9 -2.729 60.9 134.1 -0.655 156.7 53.8 -0.281 111.7 54.8 0.028 81.7 66.6 0.345 152.2 71.9
D C 372.0 272.8 218.6 1021.1
F 1604.244425 431.806845 0.139481
E -3.102600 87.855569 113.298647 0.269466
W C 1041.0 118.6 1866.2 728.0 1619.8 1460.1 964.2 1250.3 525.3 841.0 236.3 1598.5
W E -0.198 77.0 59.9 -2.730 60.8 134.1 -0.655 156.7 53.7 -0.281 111.7 54.8 0.028 81.7 66.6 0.345 152.2 71.9
D C 327.8 272.8 173.6 1023.7
F 1645.772890 438.585581 0.146492
E -3.119521 87.866728 117.412050 0.270985
W C 1040.8 118.6 1866.5 728.0 1619.8 1460.2 964.2 1250.3 525.2 841.0 236.3 1598.5
W E -0.199 77.0 59.9 -2.730 60.7 134.0 -0.655 156.6 53.7 -0.281 111.7 54.8 0.028 81.7 66.6 0.345 152.2 71.9
D C 311.1 273.8 154.6 1026.0
F 1651.812540 438.985121 0.147449
E -3.122018 87.430982 116.987878 0.250779
W C 1040.7 118.5 1866.6 728.1 1619.8 1460.2 964.2 1250.3 525.2 841.0 236.3 1598.5
W E -0.199 77.0 59.9 -2.731 60.7 134.0 -0.655 156.6 53.7 -0.281 111.7 54.8 0.028 81.7 66.6 0.345 152.2 71.9
D C 275.0 275.4 119.7 1028.7
F 1652.234690 437.671276 0.140185
E -3.120296 87.054560 116.055102 0.235946
W C 1040.7 118.5 1866.4 728.1 1619.9 1460.2 964.2 1250.3 525.2 840.9 236.3 1598.5
W E -0.200 76.9 59.9 -2.731 60.6 133.9 -0.655 156.6 53.6 -0.281 111.7 54.8 0.028 81.7 66.6 0.345 152.2 71.9
D C 236.5 272.9 87.6 1026.0
F 1652.515713 436.792103 0.135474
E -3.116950 86.707075 115.324050 0.224835
W C 1040.7 118.5 1866.3 728.2 1619.9 1460.1 964.2 1250.2 525.2 840.9 236.3 1598.5
W E -0.200 76.9 59.9 -2.732 60.6 133.9 -0.655 156.6 53.6 -0.281 111.7 54.8 0.028 81.7 66.6 0.345 152.2 71.9
D C 238.9 274.0 90.6 1024.0
F 1652.723482 436.129615 0.132012
E -3.112676 86.380713 114.721729 0.216146
W C 1040.8 118.5 1866.2 728.2 1620.0 1460.1 964.2 1250.2 525.3 840.9 236.3 1598.5
W E -0.201 76.9 59.9 -2.732 60.5 133.8 -0.655 156.5 53.6 -0.281 111.7 54.8 0.028 81.7 66.6 0.345 152.2 71.9
D C 240.1 275.4 90.5 1022.8
F 1652.912880 435.662288 0.129431
E -3.107870 86.070828 114.208302 0.209130
W C 1040.8 118.5 1866.1 728.3 1620.1 1460.1 964.3 1250.2 525.3 840.9 236.3 1598.5
W E -0.201 76.9 59.9 -2.733 60.4 133.8 -0.655 156.5 53.5 -0.281 111.7 54.8 0.028 81.7 66.6 0.345 152.2 71.9
D C 239.5 274.7 90.1 1019.0
F 1653.070768 435.254799 0.127384
E -3.102770 85.774415 113.760017 0.203324
W C 1040.8 118.5 1866.0 728.4 1620.1 1460.1 964.3 1250.2 525.3 840.9 236.3 1598.5
W E -0.201 76.9 59.9 -2.733 60.4 133.7 -0.655 156.5 53.5 -0.281 111.7 54.8 0.028 81.7 66.6 0.345 152.2 71.9
D C 238.7 273.7 90.6 1024.2
F 1653.207526 434.917853 0.125747
E -3.097527 85.489495 113.361552 0.198422
W C 1040.8 118.5 1865.9 728.4 1620.2 1460.1 964.3 1250.2 525.3 840.9 236.3 1598.4
W E -0.202 76.9 59.9 -2.734 60.3 133.7 -0.654 156.5 53.5 -0.281 111.7 54.8 0.028 81.7 66.6 0.345 152.2 71.9
D C 238.7 273.7 90.6 1024.6
F 1653.322238 434.633042 0.124410
E -3.092237 85.214658 113.002557 0.194216
W C 1040.8 118.5 1865.8 728.5 1620.2 1460.0 964.3 1250.2 525.3 840.9 236.3 1598.4
W E -0.202 76.8 59.9 -2.734 60.3 133.6 -0.654 156.5 53.4 -0.281 111.7 54.8 0.028 81.7 66.6 0.345 152.2 71.9
D C 239.2 274.3 90.6 1024.1
