F 1805.975940 1833.955344 3.725539
D C 364.9 -287.9 1415.4 -461.6 1742.8 248.9 1129.7 565.4 538.4 591.2 896.5 1317.5 
W C 1342.9 1873.0 370.6 1438.7 489.2 665.4 1175.2 739.4 1682.8 1043.9 1784.4 240.5 
F 1806.151639 1834.973785 3.725853
D C 366.0 -288.8 1416.7 -462.0 1741.8 248.8 1129.9 565.4 540.6 593.7 897.6 1319.0 
W C 1341.6 1874.0 369.6 1438.9 490.5 666.7 1175.6 740.1 1682.7 1041.6 1785.0 239.7 
F 1806.006652 1836.635177 3.726570
D C 366.2 -289.0 1418.2 -462.5 1741.8 248.8 1131.1 566.1 541.5 594.6 900.0 1322.6 
W C 1341.1 1875.4 368.3 1439.2 491.2 667.4 1175.6 740.1 1682.9 1041.9 1786.0 237.0 
F 1805.835264 1834.037534 3.725649
D C 366.2 -288.9 1417.4 -462.3 1737.0 248.1 1129.5 565.3 540.5 593.6 896.8 1317.9 
W C 1341.0 1873.2 368.5 1438.1 493.6 669.3 1175.2 739.6 1682.2 1040.8 1784.4 240.0 
F 1806.641748 1833.341970 3.724982
D C 365.1 -288.1 1419.4 -462.9 1739.8 248.5 1128.6 564.8 537.0 589.7 898.0 1319.6 
W C 1343.2 1872.7 367.0 1437.8 491.5 667.5 1175.9 740.3 1683.3 1045.4 1784.1 237.4 
F 1805.047246 1833.822980 3.725944
D C 365.1 -288.1 1413.4 -460.9 1740.2 248.6 1129.9 565.5 538.2 591.0 896.5 1317.5 
W C 1341.5 1872.7 371.9 1438.6 490.7 666.5 1174.6 738.8 1682.2 1044.0 1784.1 240.4 
F 1805.305659 1834.621023 3.726135
D C 364.7 -287.8 1418.5 -462.6 1734.9 247.8 1132.6 566.8 539.8 592.8 897.2 1318.4 
W C 1342.3 1873.4 367.1 1437.7 495.2 670.6 1173.5 736.9 1682.3 1042.4 1784.6 240.0 
F 1805.346040 1835.263530 3.726361
D C 364.9 -287.9 1417.5 -462.3 1738.0 248.2 1131.9 566.5 540.7 593.8 897.5 1318.9 
W C 1342.1 1873.9 368.2 1438.3 493.2 668.9 1174.2 738.1 1682.3 1041.7 1785.0 240.1 
F 1805.536439 1835.428214 3.726332
D C 365.2 -288.2 1416.6 -462.0 1739.8 248.5 1132.5 566.8 539.6 592.6 898.1 1319.8 
W C 1341.9 1874.2 369.3 1438.7 491.9 667.8 1174.0 737.7 1682.7 1043.5 1785.2 239.1 
F 1806.302382 1834.468625 3.724937
D C 365.8 -288.6 1417.7 -457.6 1739.7 248.5 1129.9 565.5 539.5 592.4 897.2 1318.4 
W C 1342.0 1873.9 371.0 1435.4 491.2 668.8 1174.7 740.1 1682.4 1042.8 1783.7 239.9 
F 1805.438597 1835.912118 3.726566
D C 364.1 -287.3 1419.0 -462.8 1739.0 248.4 1133.0 567.0 539.7 592.7 898.8 1320.8 
W C 1343.3 1874.4 366.8 1438.2 492.8 668.6 1173.9 737.6 1682.7 1043.7 1785.4 238.5 
F 1806.309803 1835.010468 3.725787
D C 364.5 -287.7 1416.9 -462.1 1743.3 249.0 1132.5 566.8 539.1 592.1 896.9 1318.1 
W C 1343.6 1873.9 369.6 1439.0 489.5 665.8 1174.2 737.6 1683.1 1043.8 1785.1 240.9 
F 1807.621075 1835.061916 3.725170
D C 365.0 -288.0 1423.0 -464.1 1741.8 248.8 1130.1 565.6 541.0 594.1 897.9 1319.5 
W C 1344.3 1874.3 364.4 1438.2 491.2 667.7 1176.2 740.4 1683.5 1041.2 1785.4 239.2 
F 1805.716627 1834.510457 3.725886
D C 365.2 -288.2 1416.0 -461.8 1740.2 248.6 1131.2 566.1 539.4 592.4 896.8 1317.9 
W C 1342.1 1873.4 369.9 1438.6 491.3 667.3 1174.5 738.4 1682.6 1042.8 1784.7 240.5 
F 1788.928753 1818.091826 3.721295
D C 352.2 -286.8 1402.9 -457.5 1715.5 250.4 1074.3 550.0 518.5 594.6 878.1 1325.0 
W C 1337.2 1865.1 364.6 1432.4 490.8 668.9 1191.5 769.5 1680.8 1036.6 1780.1 228.6 
F 1759.127590 1800.505294 3.727021
D C 313.8 -287.5 1365.2 -463.9 1681.8 240.2 1048.8 549.2 488.9 592.9 846.9 1321.6 
W C 1338.7 1866.7 364.9 1432.7 490.1 671.0 1188.5 763.2 1679.3 1036.2 1783.5 231.1 
F 1719.274261 1786.964661 3.726291
D C 279.2 -282.2 1324.1 -454.4 1640.5 244.6 1000.7 547.8 445.3 586.2 
W C 1330.7 1868.2 364.3 1435.1 486.3 677.5 1187.1 777.9 1671.5 1052.4 
F 1695.071108 1781.174353 3.735592
D C 260.9 -280.4 1277.2 -447.1 1622.9 242.0 985.4 543.3 432.6 584.3 
W C 1321.9 1867.5 386.4 1436.9 485.6 672.3 1182.6 779.4 1663.5 1054.9 
F 1652.751702 1753.045089 3.731667
D C 216.5 -277.0 1229.1 -443.0 1564.3 248.0 933.0 544.7 379.5 588.2 
W C 1318.7 1862.7 385.0 1437.2 490.9 676.6 1180.6 781.3 1664.7 1053.1 
F 1627.287672 1735.794791 3.732545
D C 187.9 -278.9 1197.8 -440.1 1532.9 243.0 902.1 541.6 348.6 590.7 
W C 1315.9 1862.7 387.4 1433.8 489.8 680.0 1180.0 783.5 1667.0 1051.0 
F 1600.326814 1721.191754 3.734262
D C 155.6 -276.2 1169.5 -441.9 1500.5 242.6 873.3 546.4 318.8 593.1 
W C 1316.9 1863.4 383.4 1434.5 491.2 681.8 1181.2 780.1 1667.2 1051.2 
F 1570.338250 1700.949172 3.731803
D C 124.8 -274.1 1131.1 -439.3 1466.0 246.2 832.9 546.4 280.4 594.1 
W C 1314.1 1859.3 386.1 1436.4 489.4 680.5 1182.5 783.5 1668.0 1051.3 
F 1557.910869 1692.084634 3.728055
D C 113.1 -277.2 1117.5 -438.0 1443.4 251.6 818.1 551.1 264.3 597.6 
W C 1310.3 1860.4 384.7 1438.4 494.9 683.8 1181.6 780.3 1668.4 1048.1 
F 1516.127193 1666.784752 3.731082
D C 67.3 -274.8 1066.3 -436.9 1395.6 247.7 770.4 547.0 214.8 601.8 
W C 1307.4 1857.8 386.9 1437.2 493.7 685.0 1179.9 783.9 1672.1 1047.1 
F 1503.734445 1630.759654 3.715901
D C 1026.6 -435.5 1364.7 246.5 735.6 539.4 184.2 595.6 
W C 405.2 1438.6 491.9 682.5 1179.2 778.3 1672.7 1030.7 
F 1473.088569 1613.011221 3.712335
D C 997.1 -433.8 1324.9 251.9 698.2 545.7 146.0 600.5 
W C 399.7 1439.4 494.3 685.2 1180.4 776.6 1674.6 1028.8 
F 1450.819162 1587.901584 3.716612
D C 958.2 -434.5 1292.7 249.9 666.4 544.3 474.7 1317.1 112.0 603.8 
W C 410.4 1431.4 501.9 675.2 1187.6 768.7 1768.7 224.5 1685.3 1020.3 
F 1416.002046 1580.246231 3.720595
D C -47.4 -285.1 925.1 -422.9 1257.2 251.0 631.5 545.5 438.5 1317.1 81.6 604.0 
W C 1299.7 1844.8 410.3 1428.0 501.1 682.2 1186.0 778.1 1769.7 237.8 1678.2 1030.0 
F 1389.832248 1562.191969 3.720167
D C -78.6 -288.4 896.0 -426.3 1220.4 251.5 601.9 546.3 407.1 1316.5 48.0 606.7 
W C 1298.0 1846.6 406.5 1429.2 505.6 684.3 1184.7 775.6 1768.9 237.3 1681.4 1027.9 
F 1353.844337 1526.163241 3.714897
D C 848.2 -429.4 1172.2 252.8 550.1 540.9 358.9 1316.4 -4.2 609.6 
W C 408.4 1426.9 506.2 677.9 1185.1 773.3 1766.4 225.6 1688.0 1016.3 
F 1338.065529 1519.290221 3.714882
D C 833.9 -428.6 1149.7 255.4 535.0 545.7 342.8 1320.9 -21.1 610.9 
W C 405.0 1427.1 510.7 681.1 1184.6 770.6 1766.6 223.6 1687.1 1017.5 
F 1310.824852 1503.411374 3.719224
D C 801.3 -430.7 1119.8 252.3 506.2 542.3 317.0 1321.4 -51.5 614.4 
W C 404.3 1426.7 510.5 680.6 1182.9 772.7 1766.7 223.3 1689.5 1016.8 
F 1263.984998 1476.329412 3.718530
D C 743.2 -420.3 1069.2 254.8 450.7 543.2 262.7 1326.0 -104.8 612.2 
W C 411.9 1423.2 506.8 679.6 1182.5 775.2 1767.1 221.6 1685.7 1020.4 
F 1251.498498 1465.379399 3.720219
D C 724.6 -421.6 1054.6 251.3 437.8 541.0 248.2 1316.0 -122.5 613.4 
W C 414.2 1422.1 506.0 678.3 1180.8 773.0 1763.4 227.9 1689.5 1018.8 
F 1211.149250 1442.010130 3.719992
D C 681.4 -422.0 1006.0 252.8 390.4 541.0 199.3 1322.5 -167.7 618.9 
W C 409.9 1422.9 507.0 680.4 1180.0 775.6 1767.3 225.7 1689.9 1015.5 
F 1197.581389 1434.299628 3.718595
D C 664.2 -417.0 990.9 255.5 375.1 544.0 182.3 1319.4 -184.1 619.0 
W C 413.5 1421.5 506.5 679.7 1180.0 773.8 1764.5 229.1 1689.6 1016.0 
F 1173.178789 1409.173205 3.707018
D C 632.6 -416.4 954.7 261.8 340.5 546.0 145.9 1324.3 
W C 415.9 1421.8 507.4 676.6 1178.2 765.7 1759.5 212.8 
F 1146.899461 1393.054889 3.709385
D C 600.0 -416.4 924.3 259.6 313.0 545.7 117.1 1324.1 
W C 417.1 1421.5 507.2 677.1 1176.5 764.6 1760.2 213.8 
F 1115.625778 1378.607281 3.712774
D C 565.1 -415.8 892.5 259.6 281.0 546.6 85.1 1335.0 
W C 415.4 1422.9 505.1 677.7 1174.8 766.9 1765.7 209.5 
F 1075.175598 1355.042164 3.705504
D C 518.1 -408.9 845.8 268.6 232.5 552.9 27.6 1332.7 
W C 418.7 1423.7 504.0 676.0 1174.2 763.5 1764.2 213.9 
F 1065.327106 1346.346993 3.710062
D C 506.2 -414.8 830.8 263.9 219.6 550.2 23.5 1330.5 
W C 415.5 1423.4 507.2 676.7 1176.5 764.5 1761.8 212.5 
F 1038.319495 1329.293985 3.705245
D C 477.6 -411.3 797.6 264.2 186.2 548.0 -17.4 1336.7 
W C 414.9 1421.8 505.2 679.8 1173.7 766.6 1767.2 208.7 
F 1010.484872 1314.578006 3.710169
D C 442.9 -413.4 768.5 265.0 157.6 551.3 -42.1 1337.7 
W C 414.7 1424.4 505.6 677.4 1174.5 765.2 1766.2 210.0 
F 981.847431 1296.585220 3.706116
D C 412.3 -411.7 732.1 265.1 123.6 552.2 -83.4 1341.0 
W C 413.2 1423.8 505.2 680.9 1172.9 764.0 1769.8 208.3 
F 969.202192 1288.883315 3.705417
D C 396.0 -412.7 718.6 267.7 109.5 552.9 -99.9 1340.5 
W C 413.9 1426.1 504.9 678.6 1172.1 763.0 1770.0 209.3 
F 928.735142 1265.267687 3.703590
D C 351.1 -414.0 669.9 270.9 62.8 555.0 -150.2 1344.9 
W C 411.1 1428.5 506.2 679.1 1171.3 762.2 1772.5 207.3 
F 901.646720 1249.936418 3.705165
D C 320.9 -415.8 639.9 270.2 31.9 553.6 -180.6 1353.2 
W C 408.3 1430.0 505.1 679.6 1170.4 764.9 1777.2 202.5 
F 877.722493 1234.660262 3.703473
D C 291.5 -415.9 612.0 274.1 1.3 557.3 -209.2 1346.5 
W C 409.5 1431.3 505.8 676.7 1173.6 762.3 1772.1 206.7 
F 841.707708 1222.188707 3.696211
D C 259.1 -419.8 579.9 274.8 -29.7 560.6 
W C 400.4 1442.6 493.4 683.2 1162.2 761.2 
F 802.539042 1198.806406 3.694804
D C 214.4 -418.7 534.3 275.6 -76.7 561.9 
W C 400.1 1442.4 492.8 683.6 1163.1 761.0 
F 788.462975 1193.236309 3.692481
D C 201.0 -417.5 520.5 278.7 -95.3 567.1 
W C 398.7 1443.8 490.9 683.3 1166.5 759.9 
F 749.358514 1169.829532 3.690589
D C 156.5 -420.1 471.2 282.9 -139.0 568.0 
W C 396.6 1446.5 495.0 682.6 1164.3 757.9 
F 734.434932 1163.804960 3.689196
D C 142.9 -418.5 452.7 285.2 -155.2 572.6 
W C 394.6 1446.7 496.4 684.6 1165.0 755.7 
F 694.584524 1152.677318 3.688380
D C 110.2 -416.7 423.6 285.4 
W C 383.9 1451.3 481.1 688.7 
F 655.857026 1126.971741 3.680357
D C 66.5 -419.3 375.4 287.9 
W C 383.7 1452.8 481.3 687.2 
F 640.988244 1116.139684 3.673805
D C 49.9 -423.1 356.3 291.0 
W C 383.3 1455.4 481.7 684.6 
F 600.429101 1093.355910 3.671443
D C 4.2 -422.5 309.2 293.0 
W C 383.3 1455.8 481.7 684.2 
F 586.666763 1082.542001 3.666496
D C -11.4 -425.9 290.8 293.1 
W C 383.2 1456.8 481.8 683.2 
F 559.932658 1067.208707 3.658527
D C -39.0 -426.5 257.8 295.7 
W C 383.1 1457.3 481.9 682.7 
F 516.515052 1040.670133 3.649654
D C -86.6 -430.1 204.9 297.1 
W C 382.9 1458.6 482.1 681.4 
F 502.586703 1030.807639 3.646742
D C -102.3 -432.3 187.1 295.9 
W C 382.9 1458.7 482.1 681.3 
F 460.666766 1007.428392 3.636431
D C -146.8 -436.5 137.0 299.6 
W C 382.6 1461.3 482.4 678.7 
F 449.138557 999.410605 3.649104
D C -165.7 -434.5 126.2 295.0 
W C 382.8 1459.7 482.2 680.3 
F 412.470543 973.155659 3.746824
D C 111.4 279.3 
W C 
F 378.795046 925.985871 3.905744
D C 87.3 262.1 -513.4 1503.6 
W C 497.2 676.4 1789.8 195.6 
F 371.445267 911.737772 3.934097
D C 78.5 256.7 -485.0 1510.9 
W C 499.1 675.6 1787.9 196.4 
F 342.516266 868.752154 4.034133
D C 53.9 237.6 -385.1 1552.8 
W C 493.7 677.6 1793.3 194.4 
F 333.444004 854.005450 4.063326
D C 44.0 233.1 -357.2 1562.8 
W C 492.6 678.1 1794.4 193.9 
F 315.970989 825.840752 4.136016
D C 28.3 225.5 -276.6 1587.1 
W C 489.6 679.2 1797.4 192.8 
F 295.869190 785.271693 4.236063
D C 12.0 220.5 
W C 
F 280.352702 743.850632 4.336109
D C -3.5 218.5 
W C 
F 268.593794 700.496328 4.431503
D C -31.5 220.8 
W C 
F 268.593794 700.496328 4.431503
D C 
W C 
F 265.458241 654.791216 4.615309
D C 122.1 1605.2 
W C 
F 271.461694 610.376952 4.813076
D C 253.5 1583.1 
W C 
F 285.237845 568.501663 4.996883
D C 310.7 1567.9 
W C 
F 287.533984 639.957949 4.744285
D C 493.5 1497.5 -73.5 911.2 
W C 1800.0 194.5 1196.0 742.5 
F 294.457105 636.797018 4.781160
D C 546.3 1473.2 -45.1 905.1 
W C 1801.7 193.0 1194.3 744.0 
F 289.059456 533.911247 4.994171
D C 718.3 1366.3 51.8 899.4 -70.7 1510.6 
W C 1801.2 223.9 1167.4 734.2 1720.4 1021.9 
F 324.558858 564.600848 5.036319
D C 821.0 1281.3 108.2 882.4 
W C 1800.5 194.1 1195.5 742.9 
F 332.025141 538.818904 5.096085
D C 865.4 1230.7 138.0 879.0 
W C 1797.2 197.1 1198.8 739.9 
F 359.369384 509.218209 5.237325
D C 990.5 1087.7 221.3 842.1 
W C 1797.0 197.2 1199.0 739.8 
F 368.684229 506.211111 5.283065
D C 1034.3 1035.8 249.3 824.2 
W C 1799.1 195.4 1196.9 741.6 
F 404.233107 464.467792 5.434444
D C 1117.9 868.2 321.9 778.7 
W C 1794.6 199.4 1201.4 737.6 
F 425.426267 455.309858 5.523921
D C 1169.4 756.9 368.4 738.9 
W C 1794.7 199.3 1201.3 737.7 
F 440.942908 441.225638 5.578575
D C 1186.4 692.7 388.9 718.3 
W C 1793.5 200.5 1202.5 736.5 
F 488.891327 426.117707 5.727318
D C 1228.1 496.6 441.6 640.4 
W C 1794.1 199.9 1201.9 737.1 
F 497.159597 424.189622 5.769876
D C 1241.8 441.1 458.4 619.1 
W C 1795.5 198.6 1200.5 738.4 
F 545.326079 410.418651 5.931286
D C 1244.9 232.8 503.6 533.0 
W C 1794.2 199.8 1201.8 737.2 
F 583.355813 406.898443 6.032555
D C 1219.6 102.2 521.9 470.9 
W C 1790.2 203.4 1205.8 733.6 
F 595.603959 317.602153 6.199509
D C 1209.0 41.7 528.2 442.3 598.4 1583.6 
W C 1803.9 258.1 1158.9 714.3 1324.2 1845.6 
F 637.131105 335.724535 6.264762
D C 1155.2 -77.2 513.9 389.1 -227.3 1102.7 
W C 1790.7 237.2 1158.1 715.3 430.2 1442.5 
F 653.402972 335.815995 6.287764
D C 1138.0 -104.2 504.8 377.4 -217.7 1107.8 
W C 1791.9 236.9 1156.5 715.5 430.6 1442.6 
F 705.927328 336.407735 6.324395
D C 1079.7 -145.8 471.7 359.5 -234.2 1119.0 
W C 1790.7 235.2 1162.4 715.0 425.8 1444.8 
F 722.128195 340.187842 6.324621
D C 1061.5 -150.0 458.2 358.1 -251.2 1114.9 
W C 1789.0 234.3 1165.1 717.0 424.9 1443.7 
F 769.511923 341.530977 0.040326
D C 1016.0 -149.9 411.8 358.0 -302.9 1118.1 
W C 1790.7 232.7 1166.5 715.8 421.7 1446.5 
F 799.394255 342.631015 0.065396
D C 985.4 -154.7 381.6 355.0 618.0 1482.2 -325.8 1120.5 
W C 1792.8 252.7 1157.0 721.9 1319.2 1862.0 401.0 1439.4 
F 819.055320 339.407135 0.050832
D C 965.4 -154.6 363.7 357.6 -338.5 1125.2 
W C 1791.1 234.1 1164.1 715.0 423.8 1445.9 
F 865.018459 340.438492 0.047799
D C 920.6 -156.1 865.4 667.9 316.4 356.2 -393.2 1128.9 
W C 1792.0 228.5 1697.6 1049.0 1164.1 711.3 418.4 1449.2 
F 900.550727 361.829518 0.015269
D C 887.6 -156.1 828.7 664.3 284.4 355.9 
W C 1790.5 219.3 1719.0 1038.7 1179.5 722.1 
F 936.254760 360.123823 0.020136
D C 850.6 -157.7 797.1 663.4 250.3 355.9 
W C 1789.9 219.6 1719.8 1039.4 1179.3 721.0 
F 968.999916 360.453246 0.025424
D C 818.5 -162.2 765.7 657.4 220.1 357.8 
W C 1791.3 219.1 1717.7 1037.1 1179.9 723.7 
F 984.978802 361.210072 0.028270
D C 802.3 -166.7 749.5 655.6 206.9 358.1 
W C 1791.7 217.3 1715.6 1037.7 1181.6 725.0 
F 1031.371744 363.482029 0.023607
D C 758.5 -167.3 700.8 660.0 156.1 358.9 
W C 1793.6 214.1 1716.4 1039.9 1179.0 726.0 
F 1050.165757 364.169573 0.023174
D C 739.3 -167.8 679.8 660.2 139.5 359.2 
W C 1793.2 213.5 1714.5 1040.0 1181.3 726.5 
F 1096.126344 364.772157 0.022566
D C 693.8 -171.0 631.8 664.6 94.7 360.3 
W C 1793.6 209.5 1712.7 1043.4 1182.6 727.1 
F 1126.656142 368.227279 0.019243
D C 666.3 -170.7 595.6 658.1 63.8 362.6 
W C 1796.1 210.4 1709.4 1037.6 1183.5 732.0 
F 1143.623001 367.790882 0.025154
D C 648.8 -174.7 583.1 656.4 47.9 363.1 
W C 1796.6 209.4 1710.0 1038.6 1182.4 732.0 
F 1190.514804 369.349278 0.025869
D C 603.7 -176.6 536.2 654.4 -0.3 365.0 
W C 1798.6 208.4 1709.6 1037.4 1180.8 734.2 
F 1224.209495 369.781394 0.024255
D C 570.1 -174.4 500.0 654.1 -32.9 366.1 
W C 1798.3 209.3 1708.2 1035.8 1182.4 734.9 
F 1254.884620 373.110927 0.022128
D C 540.6 -176.3 467.2 651.6 -64.7 364.7 
W C 1799.3 208.8 1707.6 1034.9 1182.1 736.3 
F 1287.238118 376.237583 0.084682
D C 495.0 -211.8 473.4 623.2 -72.1 366.8 
W C 1798.4 207.1 1706.2 1037.2 1184.4 735.7 
F 1305.824985 378.853174 0.121391
D C 467.3 -233.0 477.6 609.1 -77.0 367.7 
W C 1797.9 204.2 1706.2 1041.3 1184.9 734.6 
F 1351.373608 395.231234 0.313906
D C 384.1 -301.2 513.5 530.3 421.7 1394.0 -68.8 368.2 
W C 1809.7 227.4 1676.0 1058.1 1322.1 1851.3 1172.2 724.2 
F 1389.569467 417.193808 0.460797
D C 292.0 -357.5 542.5 445.9 577.0 1315.3 -59.0 372.3 
W C 1810.0 226.8 1677.2 1057.8 1321.6 1851.9 1171.2 724.4 
F 1401.961797 430.299320 0.510368
D C 255.9 -377.3 547.0 414.2 621.5 1275.8 -54.4 372.7 
W C 1809.6 226.1 1676.9 1058.9 1321.0 1847.1 1172.4 728.9 
F 1424.427828 443.846923 0.560814
D C 187.9 -402.9 556.5 357.8 -47.5 373.2 
W C 1797.9 202.6 1705.4 1042.8 1185.8 734.6 
F 1443.755544 471.715415 0.701635
D C 120.7 -424.8 560.1 299.9 791.8 1126.0 -41.8 374.4 
W C 1810.1 225.2 1678.0 1062.4 1321.7 1842.8 1170.2 730.7 
F 1461.623568 496.691756 0.804915
D C 45.3 -442.5 558.3 237.8 874.6 1034.6 -34.7 373.1 
W C 1812.0 222.6 1677.2 1063.9 1322.2 1844.2 1168.6 730.3 
F 1472.530299 500.206274 0.807909
D C 8.6 -446.6 556.9 207.5 -31.4 374.2 
W C 1801.3 197.8 1707.4 1046.1 1180.4 736.1 
F 1490.640359 547.421218 1.008216
D C -104.3 -453.2 534.5 120.4 998.4 846.7 194.9 1410.6 -21.0 374.8 
W C 1818.3 217.5 1673.8 1063.8 1307.0 1843.6 401.4 1464.7 1162.4 729.6 
F 1498.660165 571.831489 1.122274
D C -178.0 -446.0 512.5 55.6 1055.3 725.2 322.9 1383.0 -9.3 369.3 -318.6 961.9 
W C 1823.3 218.1 1670.8 1057.8 1302.8 1837.2 392.4 1462.5 1161.8 723.6 493.8 701.9 
F 1516.402776 613.893341 1.271455
D C 488.7 -19.1 1115.7 575.6 473.2 1325.7 13.1 361.8 -220.7 993.5 
W C 1678.8 1075.2 1295.4 1849.7 389.2 1457.0 1174.5 733.1 502.0 696.0 
F 1522.479083 644.520788 1.400671
D C 456.0 -83.1 1153.1 425.6 612.4 1247.4 33.3 351.8 
W C 1681.6 1079.8 1298.3 1853.0 396.7 1459.3 1181.4 736.9 
F 1511.152636 674.284800 1.581390
D C 388.3 -177.5 791.3 1096.5 58.8 334.4 
W C 1684.6 1064.5 406.3 1453.9 1176.2 729.6 
F 1511.264781 700.488551 1.655857
D C 361.4 -204.4 1167.8 112.3 848.8 1048.9 66.9 327.2 
W C 1684.2 1078.0 1300.2 1854.6 394.1 1457.1 1179.6 739.4 
F 1501.223607 729.087347 1.793156
D C 299.1 -257.6 1139.5 -48.1 958.3 919.4 80.4 309.7 
W C 1686.5 1077.7 1296.9 1851.1 393.1 1461.0 1181.4 739.2 
F 1488.161537 756.640476 1.922049
D C 230.0 -296.1 1093.5 -195.8 1039.4 787.0 91.0 291.0 
W C 1687.1 1074.5 1295.8 1850.8 391.5 1461.8 1183.6 741.9 
F 1471.608066 780.754808 2.055627
D C 160.0 -329.9 1025.6 -345.0 1108.0 642.3 100.3 272.9 
W C 1688.9 1076.1 1298.8 1848.9 386.9 1461.7 1183.4 742.3 
F 1459.471944 790.684256 2.117494
D C 126.2 -345.2 988.0 -411.9 1127.3 564.2 103.5 264.0 
W C 1688.7 1077.9 1297.7 1848.9 391.4 1460.4 1180.1 741.8 
F 1430.901539 813.704552 2.297793
D C 21.0 -374.4 861.3 -590.0 1181.2 351.4 111.6 238.2 
W C 1696.7 1078.2 1299.3 1849.4 383.3 1462.7 1178.7 738.7 
F 1401.430200 835.470437 2.386184
D C -50.1 -379.6 773.3 -670.2 1165.1 240.1 99.6 227.0 
W C 1698.2 1077.5 1297.9 1853.6 388.6 1459.5 1173.3 738.5 
F 1369.473086 858.531519 2.428611
D C -106.3 -380.6 702.3 -697.0 1136.0 194.4 558.8 694.9 69.4 222.0 
W C 1698.8 1076.9 1294.1 1845.1 383.0 1454.5 492.3 698.4 1171.8 736.0 
F 1349.112675 901.341487 2.487085
D C 638.2 -720.6 1103.8 147.3 549.8 679.4 42.0 219.2 
W C 1281.5 1861.5 383.8 1456.4 499.4 697.0 1182.3 753.0 
F 1312.122790 933.625166 2.494267
D C 583.9 -723.9 1056.0 144.2 505.9 678.8 -5.6 223.2 
W C 1282.9 1863.2 382.8 1455.4 499.3 697.2 1182.1 752.2 
F 1296.978914 945.270460 2.493973
D C 568.0 -722.2 1029.5 143.8 487.8 675.9 -21.7 225.9 
W C 1279.6 1863.9 389.2 1451.6 500.2 700.5 1178.0 752.0 
F 1263.755437 963.345713 2.485472
D C 539.2 -725.9 994.3 145.1 452.1 682.3 
W C 1279.3 1867.5 387.4 1454.9 489.3 698.6 
F 1239.325842 986.727103 2.491203
D C 502.1 -721.1 959.5 143.1 423.8 679.6 
W C 1276.4 1864.6 389.1 1453.9 490.6 702.5 
F 1214.653592 1006.656676 2.489077
D C 472.7 -720.6 927.4 144.1 389.9 684.6 
W C 1276.6 1866.3 390.2 1455.3 489.2 699.5 
F 1191.716895 1026.501677 2.494404
D C 439.7 -722.3 894.6 141.8 365.5 685.0 
W C 1276.4 1867.9 392.5 1452.8 487.1 700.4 
F 1164.271098 1046.405094 2.490379
D C 408.0 -724.1 862.3 144.8 327.5 688.2 
W C 1278.7 1869.6 390.6 1453.9 486.7 697.5 
F 1128.378004 1077.453254 2.487686
D C 363.4 -720.5 813.0 149.4 278.9 692.8 
W C 1278.3 1870.4 392.2 1453.4 485.6 697.2 
F 1114.214690 1085.674529 2.488959
D C 347.9 -722.6 793.1 145.8 265.8 690.5 
W C 1276.7 1871.1 395.6 1451.5 483.7 698.5 
F 1087.947238 1107.394724 2.490048
D C 313.2 -723.1 758.5 146.6 233.0 692.6 
W C 1277.4 1872.3 395.9 1450.7 482.7 697.9 
F 1048.194403 1136.613942 2.490712
D C 264.4 -723.1 708.3 143.7 184.1 692.2 
W C 1276.0 1872.0 397.7 1451.4 482.3 697.5 
F 1035.265049 1147.200867 2.489301
D C 249.0 -721.9 691.2 144.6 166.4 693.4 
W C 1275.6 1872.0 398.2 1451.8 482.2 697.2 
F 998.071784 1177.174030 2.489890
D C 200.8 -723.4 644.3 145.2 118.3 697.5 
W C 1277.2 1874.1 397.8 1452.5 481.0 694.4 
F 976.412528 1197.850948 2.512032
D C 625.4 147.0 103.3 700.2 
W C 384.4 1447.3 480.6 692.7 
F 961.865807 1208.065659 2.492723
D C 153.4 -722.0 592.6 145.0 75.1 701.7 
W C 1275.9 1876.0 402.1 1450.6 478.0 694.4 
F 915.111242 1246.816558 2.513928
D C 548.2 148.5 25.4 704.5 
W C 384.2 1448.5 480.8 691.5 
F 910.439295 1244.665677 2.486487
D C 94.8 -727.4 530.3 145.4 6.0 704.9 
W C 1278.4 1879.2 401.3 1452.4 476.3 689.3 
F 878.883573 1263.403069 2.593573
D C -17.4 -730.3 501.2 85.8 46.7 697.9 
W C 1274.2 1877.7 406.4 1451.3 475.4 692.0 
F 867.475634 1265.596204 2.653463
D C -69.5 -734.5 488.2 51.5 80.8 694.3 
W C 1273.3 1881.7 412.2 1449.1 470.5 690.3 
F 845.385716 1265.539316 2.806568
D C -201.2 -720.6 470.1 -31.4 163.9 665.1 
W C 1272.3 1879.9 411.7 1449.8 471.9 691.3 
F 823.292235 1268.289696 2.950024
D C -325.3 -689.0 438.1 -100.9 236.4 637.5 
W C 1273.8 1882.8 412.4 1450.7 469.8 687.5 
F 782.234914 1282.179692 3.161470
D C 394.8 -176.1 312.9 586.5 
W C 384.0 1450.4 481.0 689.6 
F 748.821709 1268.462308 3.402202
D C 305.4 -271.4 408.1 491.9 
W C 383.8 1451.9 481.2 688.1 
F 739.587130 1260.353070 3.477842
D C 272.6 -298.5 432.8 455.2 
W C 383.7 1452.2 481.3 687.8 
F 733.121438 1244.042193 3.648536
D C 197.6 -343.3 477.5 375.6 -139.4 637.0 
W C 393.7 1448.2 498.0 683.9 1164.3 754.9 
F 720.868020 1227.243787 3.801119
D C 121.6 -374.7 509.4 295.3 -59.8 642.2 
W C 395.2 1448.9 499.2 681.7 1161.6 756.4 
F 709.582599 1207.708065 3.945070
D C 44.4 -397.5 526.6 212.9 9.4 643.2 
W C 392.7 1451.7 497.3 680.9 1166.0 754.4 
F 701.128775 1174.272798 4.174022
D C -79.6 -408.3 527.6 77.0 122.2 616.6 
W C 391.4 1452.0 496.7 681.8 1167.9 753.2 
F 686.386761 1170.386086 4.273353
D C -117.1 -404.9 518.4 38.6 154.2 601.9 -301.8 992.1 
W C 369.7 1448.5 501.0 684.8 1165.6 775.0 1712.7 1021.8 
F 674.541225 1128.013564 4.507536
D C 484.2 -80.6 250.5 552.4 -114.8 1028.0 
W C 497.1 670.3 1164.4 770.4 1704.4 1031.3 
F 680.768980 1114.965599 4.589219
D C 463.7 -129.5 284.9 522.4 -45.0 1028.0 
W C 495.3 670.7 1164.2 768.0 1706.5 1033.3 
F 687.270401 1092.025403 4.730420
D C 417.6 -200.3 332.5 472.9 77.4 1016.9 
W C 494.6 670.9 1166.1 768.1 1705.4 1033.0 
F 705.215121 1056.344321 4.890079
D C 340.7 -282.7 370.5 402.0 195.8 988.2 
W C 487.2 671.0 1166.3 762.7 1712.5 1038.3 
F 706.921961 1037.184568 4.898110
D C 319.3 -281.9 353.5 402.9 185.7 984.8 
W C 488.8 671.3 1168.1 764.2 1709.0 1036.5 
F 729.954622 975.747048 4.961391
D C 240.6 -305.9 991.3 835.3 327.0 374.9 198.7 971.5 
W C 492.8 667.2 1783.8 220.9 1173.9 751.3 1720.5 1022.6 
F 735.120203 954.814298 4.972654
D C 214.0 -309.4 977.9 824.1 314.1 371.6 186.3 971.4 
W C 491.2 668.4 1783.1 221.9 1175.0 746.9 1721.7 1024.8 
F 740.718847 923.004141 4.978397
D C 178.8 -306.2 951.2 821.8 285.9 373.9 158.4 970.3 
W C 492.3 670.0 1783.6 221.3 1176.6 745.5 1718.5 1025.2 
F 751.551841 874.729661 4.979503
D C 128.9 -302.7 907.0 823.3 235.7 375.3 107.0 971.2 
W C 493.6 670.4 1785.1 217.2 1175.8 746.5 1716.5 1027.9 
F 754.764529 860.203933 4.980431
D C 113.7 -302.3 890.0 822.9 222.3 376.8 94.9 971.5 
W C 493.3 670.5 1784.0 220.0 1177.0 745.6 1716.7 1025.9 
F 770.174218 814.422053 4.978657
D C 66.0 -310.7 840.0 820.9 174.6 375.8 44.1 974.0 
W C 487.8 669.0 1783.2 220.0 1178.6 744.9 1721.5 1028.1 
F 780.078444 783.631557 4.976913
D C 33.1 -313.4 805.3 821.5 142.7 377.7 11.2 970.1 
W C 486.2 669.8 1783.5 221.1 1182.0 744.6 1719.3 1026.5 
F 784.818127 768.627110 4.976895
D C 19.5 -314.1 787.0 817.8 126.4 379.8 -3.7 969.8 
W C 486.7 667.6 1779.9 222.8 1184.5 745.9 1719.9 1025.7 
F 800.937833 720.370740 4.976381
D C -32.5 -322.0 739.6 817.2 75.5 375.2 -57.4 971.4 
W C 481.6 667.7 1782.8 219.7 1182.9 745.4 1723.7 1029.3 
F 804.629020 705.495808 4.978768
D C -47.5 -322.1 722.7 813.6 62.7 376.4 -69.6 973.6 
W C 481.3 666.6 1779.8 222.4 1184.3 744.1 1725.6 1028.9 
F 837.276056 666.940318 5.012861
D C -112.3 -327.2 725.8 768.1 37.2 368.9 
W C 491.5 677.4 1785.8 201.0 1200.7 740.6 
F 857.434251 632.215939 5.081059
D C 737.4 716.2 29.7 360.8 
W C 1791.3 202.4 1204.7 734.6 
F 876.911859 604.569750 5.147513
D C 749.0 659.2 21.4 352.5 
W C 1790.4 203.2 1205.6 733.8 
F 891.451596 579.801005 5.207674
D C 758.7 612.0 13.7 349.5 
W C 1790.5 203.1 1205.5 733.9 
F 902.001487 563.745363 5.240777
D C 758.2 585.2 7.2 348.2 
W C 1789.6 203.9 1206.4 733.1 
F 928.880533 531.697787 5.334653
D C 770.6 508.9 -4.5 342.3 
W C 1791.6 202.2 1204.4 734.8 
F 942.085722 517.806469 5.373003
D C 766.6 476.4 -6.5 341.0 
W C 1788.7 204.8 1207.3 732.2 
F 967.756748 463.038231 5.524165
D C 760.5 392.3 151.5 927.9 -23.1 337.4 
W C 1789.5 224.3 1716.3 1032.0 1183.3 723.7 
F 992.664068 446.574042 5.589167
D C 755.6 338.4 180.4 910.6 -30.4 337.6 
W C 1790.0 223.4 1713.8 1031.1 1185.2 725.5 
F 1007.219375 441.056369 5.648253
D C 757.7 290.3 220.0 892.9 -24.9 334.6 
W C 1789.4 225.3 1714.0 1029.4 1185.6 725.3 
F 1045.291976 425.406579 5.791975
D C 753.6 172.2 303.5 850.2 -19.5 330.7 
W C 1791.0 221.8 1714.0 1032.0 1184.0 726.2 
F 1073.600374 418.100808 5.879963
D C 738.4 98.5 347.6 819.4 -20.3 325.7 
W C 1791.4 219.0 1714.8 1035.4 1182.8 725.6 
F 1101.063686 415.129636 5.970457
D C 717.3 27.0 393.3 776.9 -18.0 321.5 
W C 1791.9 220.1 1714.3 1033.3 1182.8 726.6 
F 1132.758378 413.774378 6.063270
D C 686.3 -48.0 429.1 732.3 -16.8 318.1 
W C 1792.0 217.2 1711.2 1034.8 1185.7 727.9 
F 1144.725791 414.375573 6.103090
D C 674.1 -78.4 446.2 710.7 -17.8 317.5 
W C 1793.9 216.5 1711.0 1033.6 1184.1 729.9 
F 1189.858619 419.397029 6.256315
D C 609.6 -186.5 504.6 627.4 -14.5 310.6 
W C 1794.2 216.6 1711.1 1033.1 1183.7 730.3 
F 1219.267145 419.097764 6.403775
D C 563.9 -251.5 530.6 579.1 277.6 1401.2 -14.4 307.3 
W C 1809.3 237.2 1676.3 1057.9 1326.3 1843.5 1168.0 722.4 
F 1253.228760 434.618239 6.392311
D C 514.5 -280.6 518.6 548.9 -35.7 302.6 
W C 1795.2 211.7 1709.0 1036.7 1184.8 731.6 
F 1288.415098 441.210313 6.448463
D C 462.0 -312.3 514.2 521.3 -55.7 302.8 
W C 1795.5 209.2 1709.8 1040.1 1183.7 730.8 
F 1300.309683 437.005448 6.520388
D C 438.5 -324.7 505.4 512.4 343.0 1356.1 
W C 1802.8 224.5 1671.2 1053.8 1315.1 1835.7 
F 1357.239553 439.212604 6.502396
D C 383.7 -330.5 458.1 506.2 
W C 1803.7 200.0 1694.3 1033.0 
F 1368.255971 452.189256 0.244067
D C 366.5 -329.6 439.9 510.8 282.2 1358.8 
W C 1803.5 220.9 1671.7 1054.1 1313.8 1838.9 
F 1418.068452 465.264950 0.246471
D C 314.1 -329.4 389.6 509.6 234.2 1355.6 
W C 1803.0 222.4 1671.5 1054.5 1314.4 1837.1 
F 1456.262277 460.838266 0.221204
D C 281.4 -334.0 358.1 509.2 
W C 1804.1 196.8 1693.9 1036.2 
F 1466.324147 474.038763 0.248912
D C 264.3 -331.8 342.2 513.0 188.3 1362.5 
W C 1804.2 217.5 1671.6 1055.5 1313.1 1840.9 
F 1523.837257 472.771120 0.225616
D C 211.3 -333.1 291.9 512.5 
W C 1804.3 195.4 1693.7 1037.6 
F 1573.156820 483.884293 0.220571
D C 162.4 -332.1 238.8 514.0 
W C 1804.3 195.3 1693.7 1037.7 
F 1591.503299 485.466541 0.222038
D C 143.5 -331.4 221.4 517.6 
W C 1804.5 193.9 1693.5 1039.1 
F 1609.479201 507.949001 0.280530
D C 109.7 -338.3 205.5 510.3 87.2 1366.9 
W C 1808.6 213.2 1665.6 1055.2 1314.8 1845.5 
F 1639.281393 526.173706 0.352216
D C 51.7 -354.2 204.8 495.6 152.2 1344.3 
W C 1810.0 211.6 1660.6 1062.0 1318.4 1840.5 
F 1666.965339 542.525887 0.411824
D C -2.0 -366.8 201.7 479.7 201.0 1334.0 
W C 1812.0 205.6 1659.8 1062.9 1317.2 1845.5 
F 1710.721109 570.816350 0.515082
D C -89.3 -367.3 193.6 452.6 287.5 1303.5 
W C 1813.9 207.1 1656.3 1060.1 1318.8 1846.8 
F 1733.348450 563.767382 0.491708
D C -114.9 -367.4 192.3 445.6 
W C 1805.6 185.6 1692.4 1047.4 
F 1733.348450 563.767382 0.491708
D C 188.6 433.5 
W C 
F 1809.894388 610.139400 0.700141
D C 180.2 421.1 -535.6 1553.0 
W C 1676.3 1048.3 399.7 1452.7 
F 1825.756453 637.417864 0.807704
D C 191.5 396.3 -394.3 1589.8 
W C 1671.8 1049.7 404.2 1451.3 
F 1834.943775 647.503855 0.849861
D C 195.4 385.9 -341.6 1607.4 
W C 1674.0 1049.0 402.0 1452.0 
F 1863.635598 691.679663 0.998418
D C 197.8 352.4 -152.7 1641.1 
W C 1674.6 1048.8 401.4 1452.2 
F 1863.635598 691.679663 0.998418
D C 201.8 323.6 
W C 
F 1884.392465 759.867207 1.179031
D C 186.7 307.7 73.9 1631.5 
W C 1671.3 1049.9 404.7 1451.1 
F 1900.243625 801.671862 1.227777
D C 156.7 300.3 108.7 1625.6 
W C 1670.1 1050.2 405.9 1450.8 
F 1919.310441 853.672580 1.277198
D C 777.9 870.3 142.8 297.7 130.5 1647.7 
W C 1311.4 1850.1 1675.7 1076.5 379.9 1455.4 
F 1929.349407 906.443317 1.296685
D C 744.5 853.8 91.7 296.6 109.0 1630.4 
W C 1309.0 1854.3 1668.7 1075.0 389.4 1452.7 
F 1945.718272 947.873783 1.386297
D C 769.1 794.2 75.3 286.5 
W C 1306.1 1849.6 1677.9 1074.4 
F 1946.501352 982.426432 1.463154
D C 796.1 731.6 59.8 275.2 
W C 1304.6 1852.6 1679.4 1071.4 
F 1945.860938 1023.592899 1.529611
D C 798.9 673.2 39.8 269.8 
W C 1306.1 1849.5 1677.9 1074.5 
F 1927.175075 1028.828493 1.545276
D C 806.7 646.7 27.1 268.4 -373.5 1413.0 
W C 1301.3 1851.8 1659.5 1062.7 505.1 691.5 
F 1934.993318 1088.672719 1.643635
D C 816.6 568.6 474.0 1516.4 -0.2 265.4 
W C 1308.5 1861.8 388.2 1451.1 1670.3 1069.2 
F 1939.942340 1116.992789 1.726404
D C 572.4 1473.6 -29.0 267.1 
W C 395.5 1454.1 1680.5 1046.9 
F 1914.417518 1180.991357 1.787261
D C 817.8 457.5 599.2 1437.2 
W C 1292.0 1881.5 382.0 1457.5 
F 1901.891684 1213.717648 1.856700
D C 813.0 394.5 662.2 1391.8 
W C 1294.1 1882.5 379.9 1456.5 
F 1888.828261 1245.973213 1.917742
D C 801.2 338.3 710.7 1352.0 
W C 1298.2 1884.4 375.8 1454.6 
F 1862.554022 1262.238935 1.980946
D C 783.6 281.0 764.5 1295.6 35.1 1477.0 
W C 1292.4 1868.8 369.5 1446.7 494.1 705.5 
F 1838.378419 1296.129973 2.066256
D C 764.5 209.6 833.2 1216.3 116.1 1466.2 
W C 1290.5 1869.0 372.2 1450.8 493.3 701.2 
F 1833.323558 1292.241120 2.083927
D C 750.4 188.6 850.1 1201.2 138.7 1465.5 -131.7 814.5 
W C 1300.6 1853.5 369.5 1443.2 488.5 693.7 1188.3 777.6 
F 1813.075336 1321.443360 2.157146
D C 727.1 133.6 899.2 1132.4 210.0 1454.1 -106.8 819.3 
W C 1299.4 1853.2 372.3 1443.9 485.6 691.8 1189.7 779.1 
F 1793.665916 1347.042856 2.223262
D C 698.3 82.3 944.5 1076.4 270.3 1433.5 -82.0 825.8 
W C 1304.3 1851.9 365.0 1444.0 490.5 691.5 1187.3 780.6 
F 1766.943537 1375.313175 2.288665
D C 666.6 37.4 967.4 1005.2 325.5 1413.6 -64.3 828.6 
W C 1300.3 1852.8 373.5 1442.8 488.1 690.6 1185.1 781.8 
F 1735.737801 1407.216712 2.381903
D C 622.5 -24.4 1014.1 914.9 411.7 1376.0 -33.9 834.3 
W C 1301.2 1853.6 370.4 1442.3 489.6 693.1 1185.8 779.0 
F 1719.277203 1416.592469 2.422436
D C 604.6 -51.6 1023.5 862.5 449.3 1363.5 -13.3 827.0 
W C 1298.4 1853.7 381.0 1441.9 483.0 686.7 1184.5 785.7 
F 1692.326345 1438.021510 2.483942
D C 568.7 -89.3 1040.7 798.1 498.2 1330.7 -0.6 831.2 
W C 1296.8 1856.3 380.8 1442.5 484.7 689.4 1184.7 779.8 
F 1665.240139 1453.838800 2.553179
D C 527.9 -130.1 1061.6 724.8 555.9 1288.5 29.9 827.4 
W C 1298.3 1855.1 379.9 1440.2 487.6 690.5 1181.2 782.2 
F 1638.893229 1467.057550 2.612086
D C 489.8 -161.4 1074.0 658.4 599.7 1250.5 49.9 822.7 
W C 1297.7 1853.7 379.4 1441.3 489.7 690.7 1180.2 782.2 
F 1589.248653 1487.714371 2.683725
D C 424.9 -203.8 1063.6 573.7 634.1 1206.3 54.5 815.3 
W C 1298.2 1858.3 381.6 1443.2 487.2 686.0 1180.0 780.5 
F 1575.652507 1495.515113 2.679678
D C 408.4 -202.0 1043.3 583.6 616.2 1207.9 36.9 814.5 
W C 1300.1 1858.4 381.5 1438.0 485.7 688.8 1179.6 782.8 
F 1547.797146 1509.219284 2.677919
D C 380.0 -201.3 1007.7 584.2 584.3 1208.8 4.4 815.2 
W C 1297.9 1859.2 385.2 1437.4 484.6 689.4 1179.3 782.0 
F 1519.921599 1504.370370 2.653375
D C 962.2 581.7 529.8 1207.7 -43.5 821.1 
W C 397.3 1441.9 485.5 686.3 1173.2 758.8 
F 1488.633106 1542.252529 2.680893
D C 314.8 -199.0 943.1 578.1 513.7 1211.2 -58.9 823.9 
W C 1295.1 1860.5 386.9 1443.7 490.0 685.7 1175.1 778.1 
F 1444.468466 1566.274388 2.681939
D C 265.7 -198.0 891.4 580.9 465.3 1208.9 -108.0 828.4 
W C 1294.2 1861.6 387.9 1441.1 491.2 689.3 1173.7 776.0 
F 1441.810961 1557.876315 2.665038
D C 869.8 582.1 451.0 1216.1 -123.8 830.4 
W C 401.8 1439.6 483.2 684.2 1170.9 763.2 
F 1394.354521 1580.150194 2.666335
D C 819.7 578.2 395.0 1211.1 -171.4 832.0 
W C 400.9 1441.1 489.0 684.0 1166.1 761.9 
F 1364.284213 1598.496211 2.673775
D C 786.8 577.0 369.8 1208.9 -199.2 836.0 
W C 401.8 1438.3 489.1 686.2 1165.1 762.5 
F 1352.026329 1603.207576 2.709295
D C 791.9 547.7 397.6 1194.2 -178.9 841.8 
W C 403.5 1437.6 490.7 685.4 1161.8 763.9 
F 1322.806605 1615.350965 2.783875
D C 800.5 487.3 456.3 1164.3 -151.4 853.1 
W C 402.4 1439.2 487.7 684.6 1165.9 763.3 
F 1289.331829 1628.355868 2.844272
D C 792.5 440.1 486.3 1136.8 -131.6 864.4 
W C 402.7 1439.7 491.4 683.9 1161.9 763.4 
F 1239.634667 1635.072586 2.949280
D C 783.9 354.0 551.8 1073.5 -89.2 871.4 
W C 402.5 1437.5 492.9 686.8 1160.6 762.7 
F 1217.466267 1638.968595 2.992679
D C 773.2 321.0 577.4 1051.0 -73.1 872.3 
W C 405.2 1436.3 490.5 685.3 1160.3 765.4 
F 1182.468329 1640.530399 3.060899
D C 760.3 264.8 611.3 1007.6 -49.1 875.8 
W C 403.3 1437.9 491.9 685.5 1160.8 763.6 
F 1137.198725 1646.570002 3.065209
D C 717.7 259.9 567.3 1010.5 -90.0 879.8 
W C 401.8 1442.2 494.4 682.3 1159.8 762.5 
F 1117.675243 1649.787149 3.070488
D C 700.2 258.4 553.8 1008.0 -106.8 882.8 
W C 400.9 1441.8 493.6 683.6 1161.5 761.6 
F 1068.237357 1656.288093 3.066795
D C 647.3 264.1 502.1 1014.8 -159.5 883.0 
W C 403.0 1441.3 491.7 681.8 1161.3 763.8 
F 1048.647917 1659.624380 3.071149
D C 631.6 262.2 485.8 1013.0 -177.4 888.3 
W C 400.2 1442.6 492.8 683.4 1163.1 761.1 
F 1016.832240 1662.156430 3.067050
D C 597.3 265.3 449.4 1015.8 -211.3 886.6 
W C 401.5 1442.1 493.1 682.6 1161.5 762.3 
F 967.743769 1667.173246 3.069039
D C 549.5 266.6 401.0 1013.9 -258.8 889.9 
W C 400.3 1441.1 494.3 685.0 1161.3 760.9 
F 950.721468 1671.907634 3.073780
D C 534.7 265.6 387.7 1016.7 -272.4 895.5 
W C 399.2 1443.2 495.0 683.8 1161.8 760.0 
F 889.955279 1681.246004 3.068136
D C 487.4 268.7 335.3 1017.6 
W C 384.1 1449.0 480.9 691.0 
F 857.692318 1680.923448 3.068564
D C 455.4 265.9 303.6 1014.8 
W C 384.1 1449.0 480.9 691.0 
F 836.880833 1687.052949 3.076554
D C 436.2 267.4 290.6 1016.7 
W C 384.2 1448.6 480.8 691.4 
F 792.396672 1690.354566 3.068497
D C 389.4 271.1 237.9 1018.8 
W C 384.2 1448.4 480.8 691.6 
F 775.668416 1692.902110 3.066291
D C 372.0 272.8 218.6 1021.1 
W C 384.2 1448.8 480.8 691.2 
F 731.510972 1697.426652 3.065898
D C 327.8 272.8 173.6 1023.7 
W C 384.0 1450.2 481.0 689.8 
F 715.426809 1699.731020 3.063388
D C 311.1 273.8 154.6 1026.0 
W C 383.9 1451.1 481.1 688.9 
F 679.031633 1705.084090 3.065190
D C 275.0 275.4 119.7 1028.7 
W C 383.8 1451.5 481.2 688.5 
F 638.518972 1706.856900 3.073243
D C 236.5 272.9 87.6 1026.0 
W C 383.9 1450.7 481.1 689.3 
F 641.231593 1706.220987 3.073187
D C 238.9 274.0 90.6 1024.0 
W C 384.1 1449.2 480.9 690.8 
F 643.257025 1705.763571 3.070857
D C 240.1 275.4 90.5 1022.8 
W C 384.3 1448.1 480.7 691.9 
F 642.926651 1703.487834 3.070402
D C 239.5 274.7 90.1 1019.0 
W C 384.5 1446.5 480.5 693.5 
F 640.834645 1706.303294 3.073640
D C 238.7 273.7 90.6 1024.2 
W C 384.1 1449.4 480.9 690.6 
F 640.727078 1706.515901 3.073830
D C 238.7 273.7 90.6 1024.6 
W C 384.1 1449.6 480.9 690.4 
F 641.677572 1706.326914 3.072747
D C 239.2 274.3 90.6 1024.1 
W C 384.1 1449.1 480.9 690.9 
