F 1850.000000 1897.000000 3.717551
D C 364.9 -287.9 1415.4 -461.6 1742.8 248.9 1129.7 565.4 538.4 591.2 896.5 1317.5 
W C 1387.2 1939.7 411.5 1513.2 523.9 739.0 1210.5 807.6 1720.5 1107.9 1815.7 303.8 
F 1850.000000 1897.000000 3.717551
D C 366.0 -288.8 1416.7 -462.0 1741.8 248.8 1129.9 565.4 540.6 593.7 897.6 1319.0 
W C 1385.7 1939.9 410.2 1512.9 524.7 739.7 1210.4 807.4 1720.0 1104.7 1815.6 301.9 
F 1850.000000 1897.000000 3.717551
D C 366.2 -289.0 1418.2 -462.5 1741.8 248.8 1131.1 566.1 541.5 594.6 900.0 1322.6 
W C 1385.4 1939.9 408.7 1512.5 524.7 739.7 1209.7 806.2 1719.8 1103.4 1815.5 297.7 
F 1850.000000 1897.000000 3.717551
D C 366.2 -288.9 1417.4 -462.3 1737.0 248.1 1129.5 565.3 540.5 593.6 896.8 1317.9 
W C 1385.5 1939.9 409.5 1512.7 528.4 742.9 1210.6 807.7 1720.0 1104.8 1815.7 303.2 
F 1850.000000 1897.000000 3.717551
D C 365.1 -288.1 1419.4 -462.9 1739.8 248.5 1128.6 564.8 537.0 589.7 898.0 1319.6 
W C 1386.9 1939.8 407.5 1512.2 526.2 741.0 1211.1 808.7 1720.8 1110.0 1815.6 301.2 
F 1850.000000 1897.000000 3.717551
D C 365.1 -288.1 1413.4 -460.9 1740.2 248.6 1129.9 565.5 538.2 591.0 896.5 1317.5 
W C 1386.8 1939.8 413.6 1513.8 525.9 740.7 1210.3 807.3 1720.5 1108.2 1815.7 303.8 
F 1850.000000 1897.000000 3.717551
D C 364.7 -287.8 1418.5 -462.6 1734.9 247.8 1132.6 566.8 539.8 592.8 897.2 1318.4 
W C 1387.3 1939.7 408.4 1512.4 530.0 744.3 1208.8 804.7 1720.2 1105.8 1815.6 302.7 
F 1850.000000 1897.000000 3.717551
D C 364.9 -287.9 1417.5 -462.3 1738.0 248.2 1131.9 566.5 540.7 593.8 897.5 1318.9 
W C 1387.1 1939.8 409.4 1512.7 527.6 742.2 1209.2 805.5 1719.9 1104.5 1815.6 302.1 
F 1850.000000 1897.000000 3.717551
D C 365.2 -288.2 1416.6 -462.0 1739.8 248.5 1132.5 566.8 539.6 592.6 898.1 1319.8 
W C 1386.7 1939.8 410.4 1512.9 526.2 741.0 1208.9 804.8 1720.2 1106.2 1815.6 300.9 
F 1850.000000 1897.000000 3.717551
D C 365.8 -288.6 1417.7 -457.6 1739.7 248.5 1129.9 565.5 539.5 592.4 897.2 1318.4 
W C 1386.0 1939.9 411.8 1508.6 526.3 741.1 1210.3 807.3 1720.2 1106.3 1815.6 302.7 
F 1850.000000 1897.000000 3.717551
D C 364.1 -287.3 1419.0 -462.8 1739.0 248.4 1133.0 567.0 539.7 592.7 898.8 1320.8 
W C 1388.2 1939.7 407.9 1512.3 526.9 741.6 1208.6 804.4 1720.2 1106.0 1815.6 299.8 
F 1850.000000 1897.000000 3.717551
D C 364.5 -287.7 1416.9 -462.1 1743.3 249.0 1132.5 566.8 539.1 592.1 896.9 1318.1 
W C 1387.6 1939.7 410.0 1512.8 523.6 738.7 1208.9 804.8 1720.3 1106.8 1815.7 303.1 
F 1850.000000 1897.000000 3.717551
D C 365.0 -288.0 1423.0 -464.1 1741.8 248.8 1130.1 565.6 541.0 594.1 897.9 1319.5 
W C 1387.0 1939.8 403.8 1511.2 524.7 739.7 1210.2 807.2 1719.9 1104.1 1815.6 301.4 
F 1829.218582 1883.504389 3.717551
D C 365.2 -288.2 1416.0 -461.8 1740.2 248.6 1131.2 566.1 539.4 592.4 896.8 1317.9 
W C 1366.0 1926.3 390.1 1499.6 505.1 727.3 1188.9 792.7 1699.5 1092.9 1794.9 289.7 
F 1792.046186 1859.364353 3.717551
D C 352.2 -286.8 1402.9 -457.5 1715.5 250.4 1074.3 550.0 518.5 594.6 878.1 1325.0 
W C 1340.5 1908.1 366.2 1479.0 489.7 715.0 1190.7 813.0 1681.0 1078.3 1777.3 269.9 
F 1754.368418 1835.041559 3.715225
D C 313.8 -287.5 1365.2 -463.9 1681.8 240.2 1048.8 549.2 488.9 592.9 846.9 1321.6 
W C 1334.7 1906.2 355.9 1483.7 472.1 720.6 1171.5 804.5 1665.5 1071.8 1760.2 265.4 
F 1716.553683 1810.609281 3.715225
D C 279.2 -282.2 1324.1 -454.4 1640.5 244.6 1000.7 547.8 445.3 586.2 
W C 1328.9 1896.1 357.8 1473.7 471.4 714.9 1173.3 807.5 1660.6 1076.6 
F 1716.553683 1810.609281 3.715225
D C 260.9 -280.4 1277.2 -447.1 1622.9 242.0 985.4 543.3 432.6 584.3 
W C 1345.3 1904.6 401.2 1493.0 484.7 726.6 1183.7 819.5 1670.2 1085.1 
F 1679.032085 1786.366401 3.715225
D C 216.5 -277.0 1229.1 -443.0 1564.3 248.0 933.0 544.7 379.5 588.2 
W C 1346.9 1901.5 406.2 1491.4 499.7 729.1 1191.0 822.6 1679.5 1086.4 
F 1641.430212 1761.926439 3.717551
D C 187.9 -278.9 1197.8 -440.1 1532.9 243.0 902.1 541.6 348.6 590.7 
W C 1332.0 1893.5 397.2 1478.6 488.2 723.3 1179.9 816.4 1670.8 1076.6 
F 1603.752444 1737.603645 3.715225
D C 155.6 -276.2 1169.5 -441.9 1500.5 242.6 873.3 546.4 318.8 593.1 
W C 1323.1 1885.2 381.6 1474.1 475.1 719.5 1166.8 804.7 1657.9 1066.4 
F 1566.150571 1713.163684 3.717551
D C 124.8 -274.1 1131.1 -439.3 1466.0 246.2 832.9 546.4 280.4 594.1 
W C 1312.2 1875.1 378.2 1465.6 470.8 708.2 1165.2 801.3 1654.5 1062.2 
F 1566.150571 1713.163684 3.717551
D C 113.1 -277.2 1117.5 -438.0 1443.4 251.6 818.1 551.1 264.3 597.6 
W C 1320.4 1884.0 390.4 1471.9 492.7 716.1 1180.2 805.4 1669.9 1068.0 
F 1528.472803 1688.840889 3.715225
D C 67.3 -274.8 1066.3 -436.9 1395.6 247.7 770.4 547.0 214.8 601.8 
W C 1322.8 1883.2 395.7 1477.1 490.6 723.4 1178.2 811.4 1674.6 1066.8 
F 1490.870931 1664.400928 3.717551
D C 1026.6 -435.5 1364.7 246.5 735.6 539.4 184.2 595.6 
W C 392.7 1470.5 480.6 714.4 1167.7 811.4 1660.8 1064.6 
F 1490.870931 1664.400928 3.717551
D C 997.1 -433.8 1324.9 251.9 698.2 545.7 146.0 600.5 
W C 418.4 1485.2 516.9 731.5 1202.5 826.5 1695.5 1081.2 
F 1453.193163 1640.078134 3.715225
D C 958.2 -434.5 1292.7 249.9 666.4 544.3 474.7 1317.1 112.0 603.8 
W C 412.6 1485.0 503.1 728.7 1188.8 821.2 1769.2 276.2 1686.8 1072.1 
F 1415.591290 1615.638172 3.717551
D C -47.4 -285.1 925.1 -422.9 1257.2 251.0 631.5 545.5 438.5 1317.1 81.6 604.0 
W C 1300.1 1880.6 409.4 1466.5 498.0 720.4 1183.1 814.2 1765.2 272.2 1676.1 1064.6 
F 1377.913522 1591.315378 3.715225
D C -78.6 -288.4 896.0 -426.3 1220.4 251.5 601.9 546.3 407.1 1316.5 48.0 606.7 
W C 1287.5 1876.2 393.9 1463.1 489.4 717.8 1168.9 805.8 1750.4 264.6 1666.8 1055.6 
F 1340.311650 1566.875417 3.717551
D C 848.2 -429.4 1172.2 252.8 550.1 540.9 358.9 1316.4 -4.2 609.6 
W C 395.1 1465.1 494.9 716.4 1173.5 813.6 1756.3 267.4 1675.8 1057.9 
F 1302.633882 1542.552622 3.715225
D C 833.9 -428.6 1149.7 255.4 535.0 545.7 342.8 1320.9 -21.1 610.9 
W C 369.6 1450.0 475.5 704.1 1149.4 793.8 1731.6 247.1 1651.9 1040.9 
F 1302.633882 1542.552622 3.715225
D C 801.3 -430.7 1119.8 252.3 506.2 542.3 317.0 1321.4 -51.5 614.4 
W C 395.8 1469.5 499.0 722.9 1171.8 812.3 1753.4 260.6 1679.3 1054.4 
F 1265.032009 1518.112661 3.717551
D C 743.2 -420.3 1069.2 254.8 450.7 543.2 262.7 1326.0 -104.8 612.2 
W C 412.9 1465.8 507.1 722.1 1182.9 817.1 1766.9 262.9 1686.3 1061.8 
F 1227.354241 1493.789867 3.715225
D C 724.6 -421.6 1054.6 251.3 437.8 541.0 248.2 1316.0 -122.5 613.4 
W C 389.9 1454.7 477.9 710.4 1153.2 801.8 1733.1 253.7 1663.1 1045.0 
F 1189.539506 1469.357589 3.715225
D C 681.4 -422.0 1006.0 252.8 390.4 541.0 199.3 1322.5 -167.7 618.9 
W C 388.2 1454.1 481.7 711.1 1155.2 803.1 1739.8 250.4 1666.2 1040.6 
F 1189.539506 1469.357589 3.715225
D C 664.2 -417.0 990.9 255.5 375.1 544.0 182.3 1319.4 -184.1 619.0 
W C 405.4 1459.2 495.9 717.0 1169.7 808.9 1752.4 262.3 1680.1 1049.4 
F 1152.017907 1445.114708 3.715225
D C 632.6 -416.4 954.7 261.8 340.5 546.0 145.9 1324.3 
W C 394.7 1451.6 492.2 707.1 1162.3 801.7 1748.2 253.6 
F 1114.416035 1420.674747 3.717551
D C 600.0 -416.4 924.3 259.6 313.0 545.7 117.1 1324.1 
W C 384.4 1443.1 480.6 699.5 1149.1 792.5 1737.3 246.4 
F 1076.738267 1396.351953 3.715225
D C 565.1 -415.8 892.5 259.6 281.0 546.6 85.1 1335.0 
W C 376.4 1438.9 467.9 694.0 1137.4 784.7 1729.7 228.9 
F 1038.923531 1371.919675 3.715225
D C 518.1 -408.9 845.8 268.6 232.5 552.9 27.6 1332.7 
W C 381.8 1434.2 474.3 687.3 1143.7 781.3 1739.0 237.5 
F 1038.923531 1371.919675 3.715225
D C 506.2 -414.8 830.8 263.9 219.6 550.2 23.5 1330.5 
W C 388.7 1445.6 484.3 699.4 1153.1 790.6 1741.2 241.6 
F 1001.401933 1347.676794 3.715225
D C 477.6 -411.3 797.6 264.2 186.2 548.0 -17.4 1336.7 
W C 377.1 1434.0 474.8 692.9 1142.4 786.4 1741.4 234.4 
F 963.800060 1323.236833 3.717551
D C 442.9 -413.4 768.5 265.0 157.6 551.3 -42.1 1337.7 
W C 367.2 1428.7 463.6 682.4 1131.9 775.1 1727.7 224.2 
F 926.122292 1298.914039 3.715225
D C 412.3 -411.7 732.1 265.1 123.6 552.2 -83.4 1341.0 
W C 356.3 1421.0 455.1 678.9 1122.0 768.1 1723.9 217.8 
F 926.122292 1298.914039 3.715225
D C 396.0 -412.7 718.6 267.7 109.5 552.9 -99.9 1340.5 
W C 369.6 1430.7 467.9 684.1 1134.2 775.1 1737.5 227.2 
F 888.520420 1274.474078 3.717551
D C 351.1 -414.0 669.9 270.9 62.8 555.0 -150.2 1344.9 
W C 368.6 1430.5 474.2 682.4 1138.1 774.8 1746.9 228.3 
F 850.842652 1250.151283 3.715225
D C 320.9 -415.8 639.9 270.2 31.9 553.6 -180.6 1353.2 
W C 355.7 1425.2 460.0 675.9 1124.5 767.9 1736.9 211.5 
F 813.027916 1225.719005 3.715225
D C 291.5 -415.9 612.0 274.1 1.3 557.3 -209.2 1346.5 
W C 342.5 1416.9 447.7 663.4 1114.4 756.9 1719.5 208.3 
F 774.920043 1201.097330 3.715225
D C 259.1 -419.8 579.9 274.8 -29.7 560.6 
W C 329.5 1413.1 437.0 655.5 1104.1 746.3 
F 774.920043 1201.097330 3.715225
D C 214.4 -418.7 534.3 275.6 -76.7 561.9 
W C 367.6 1436.4 475.7 679.6 1144.3 770.8 
F 737.318170 1176.657369 3.717551
D C 201.0 -417.5 520.5 278.7 -95.3 567.1 
W C 341.4 1417.3 452.6 659.5 1126.1 752.9 
F 699.640402 1152.334574 3.715225
D C 156.5 -420.1 471.2 282.9 -139.0 568.0 
W C 340.2 1420.2 457.4 659.0 1124.6 750.7 
F 662.038530 1127.894613 3.717551
D C 142.9 -418.5 452.7 285.2 -155.2 572.6 
W C 314.3 1401.0 437.7 642.1 1104.0 732.2 
F 662.038530 1127.894613 3.717551
D C 110.2 -416.7 423.6 285.4 
W C 342.7 1417.3 462.2 657.9 
F 624.360762 1103.571818 3.715225
D C 66.5 -419.3 375.4 287.9 
W C 341.0 1419.7 465.3 658.0 
F 586.758889 1079.131857 3.717551
D C 49.9 -423.1 356.3 291.0 
W C 314.5 1406.8 446.5 641.0 
F 549.081121 1054.809063 3.715225
D C 4.2 -422.5 309.2 293.0 
W C 316.3 1407.4 448.4 640.9 
F 549.081121 1054.809063 3.715225
D C -11.4 -425.9 290.8 293.1 
W C 327.6 1418.7 463.8 650.8 
F 511.479249 1030.369102 3.717551
D C -39.0 -426.5 257.8 295.7 
W C 311.9 1409.3 456.3 642.0 
F 473.801481 1006.046307 3.715225
D C -86.6 -430.1 204.9 297.1 
W C 313.1 1414.3 463.0 645.3 
F 436.601650 980.994851 3.731511
D C -102.3 -432.3 187.1 295.9 
W C 281.1 1397.2 445.8 631.1 
F 402.715272 952.027788 3.831558
D C -146.8 -436.5 137.0 299.6 
W C 238.1 1382.1 487.8 633.8 
F 402.715272 952.027788 3.831558
D C -165.7 -434.5 126.2 295.0 
W C 253.9 1392.6 493.1 644.2 
F 371.419696 919.555456 3.929278
D C 111.4 279.3 
W C 490.7 643.6 
F 343.651844 884.235789 4.029325
D C 87.3 262.1 -513.4 1503.6 
W C 491.9 651.1 1834.0 333.4 
F 319.553164 846.528480 4.127045
D C 78.5 256.7 -485.0 1510.9 
W C 490.1 639.3 1846.9 416.0 
F 299.248350 806.649889 4.224765
D C 53.9 237.6 -385.1 1552.8 
W C 483.9 647.7 1851.5 419.4 
F 299.248350 806.649889 4.224765
D C 44.0 233.1 -357.2 1562.8 
W C 484.6 658.6 1847.3 390.0 
F 283.117055 765.090790 4.324811
D C 28.3 225.5 -276.6 1587.1 
W C 481.2 653.6 1857.0 421.4 
F 270.986273 721.469980 4.424858
D C 12.0 220.5 
W C 479.0 647.4 
F 263.519228 677.872859 4.524905
D C -3.5 218.5 
W C 478.8 640.6 
F 260.105816 633.082055 4.620298
D C -31.5 220.8 
W C 482.8 644.2 
F 260.105816 633.082055 4.620298
D C 
W C 
F 265.603722 587.600608 4.804105
D C 122.1 1605.2 
W C 1875.3 613.0 
F 279.835982 545.102242 5.001871
D C 253.5 1583.1 
W C 1869.4 754.0 
F 301.226322 506.556484 5.185678
D C 310.7 1567.9 
W C 1838.4 944.7 
F 301.226322 506.556484 5.185678
D C 493.5 1497.5 -73.5 911.2 
W C 1859.1 749.9 1078.8 987.4 
F 326.661613 474.105217 5.341565
D C 546.3 1473.2 -45.1 905.1 
W C 1839.3 899.3 1031.9 1043.2 
F 357.677302 445.365719 5.502105
D C 718.3 1366.3 51.8 899.4 -70.7 1510.6 
W C 1829.7 910.0 1027.7 1047.6 1371.0 1567.9 
F 392.071385 422.027019 5.653338
D C 821.0 1281.3 108.2 882.4 
W C 1810.3 973.8 999.2 1071.4 
F 392.071385 422.027019 5.653338
D C 865.4 1230.7 138.0 879.0 
W C 1816.3 906.9 1021.4 1051.1 
F 429.497014 404.331529 5.806898
D C 990.5 1087.7 221.3 842.1 
W C 1808.4 916.9 1012.2 1051.3 
F 468.306531 392.181363 5.946498
D C 1034.3 1035.8 249.3 824.2 
W C 1786.7 1028.2 975.9 1087.7 
F 510.354441 386.253159 6.109365
D C 1117.9 868.2 321.9 778.7 
W C 1761.5 1048.1 962.1 1097.6 
F 552.095354 386.813861 6.262925
D C 1169.4 756.9 368.4 738.9 
W C 1736.6 1119.9 935.4 1118.1 
F 552.095354 386.813861 6.262925
D C 1186.4 692.7 388.9 718.3 
W C 1752.3 1055.3 955.5 1097.1 
F 592.911230 393.732842 0.133299
D C 1228.1 496.6 441.6 640.4 
W C 1744.1 1049.1 945.4 1087.1 
F 632.466998 407.113859 0.291513
D C 1241.8 441.1 458.4 619.1 
W C 1695.1 1186.5 893.6 1131.8 
F 669.518086 426.344954 0.445073
D C 1244.9 232.8 503.6 533.0 
W C 1693.0 1172.4 894.6 1124.3 
F 669.518086 426.344954 0.445073
D C 1219.6 102.2 521.9 470.9 
W C 1726.3 1043.7 937.9 1076.0 
F 708.871045 447.135992 0.479973
D C 1209.0 41.7 528.2 442.3 598.4 1583.6 
W C 1762.0 1042.4 973.1 1083.4 508.4 2128.1 
F 748.593800 467.952218 0.482299
D C 1155.2 -77.2 513.9 389.1 -227.3 1102.7 
W C 1807.8 935.3 1023.4 1051.0 35.8 1339.5 
F 788.381160 488.644693 0.479973
D C 1138.0 -104.2 504.8 377.4 -217.7 1107.8 
W C 1845.9 921.7 1061.9 1056.5 83.8 1370.8 
F 827.695996 509.111056 0.479973
D C 1079.7 -145.8 471.7 359.5 -234.2 1119.0 
W C 1852.7 878.3 1080.1 1045.8 103.3 1393.5 
F 827.695996 509.111056 0.479973
D C 1061.5 -150.0 458.2 358.1 -251.2 1114.9 
W C 1838.5 866.2 1068.8 1038.4 90.1 1382.0 
F 867.418751 529.927282 0.482299
D C 1016.0 -149.9 411.8 358.0 -302.9 1118.1 
W C 1837.1 868.3 1066.2 1038.1 80.4 1380.0 
F 907.304241 550.808808 0.482299
D C 985.4 -154.7 381.6 355.0 618.0 1482.2 -325.8 1120.5 
W C 1852.0 870.8 1080.7 1042.4 767.3 2150.6 98.9 1392.4 
F 947.498921 571.852205 0.482299
D C 965.4 -154.6 363.7 357.6 -338.5 1125.2 
W C 1874.5 882.7 1103.8 1057.3 125.7 1411.7 
F 987.286281 592.544680 0.479973
D C 920.6 -156.1 865.4 667.9 316.4 356.2 -393.2 1128.9 
W C 1875.9 879.2 1446.5 1584.6 1103.5 1054.6 117.3 1412.3 
F 987.286281 592.544680 0.479973
D C 887.6 -156.1 828.7 664.3 284.4 355.9 
W C 1846.7 863.9 1415.6 1564.4 1075.2 1039.6 
F 1027.009036 613.360906 0.482299
D C 850.6 -157.7 797.1 663.4 250.3 355.9 
W C 1853.8 868.2 1425.5 1570.8 1083.6 1044.8 
F 1066.276147 633.918687 0.482299
D C 818.5 -162.2 765.7 657.4 220.1 357.8 
W C 1866.6 869.9 1439.7 1571.5 1095.3 1053.0 
F 1106.161637 654.800212 0.482299
D C 802.3 -166.7 749.5 655.6 206.9 358.1 
W C 1894.3 879.3 1466.1 1583.2 1123.3 1068.0 
F 1106.161637 654.800212 0.482299
D C 758.5 -167.3 700.8 660.0 156.1 358.9 
W C 1855.7 858.4 1420.9 1564.6 1078.0 1045.2 
F 1145.737938 675.519865 0.482299
D C 739.3 -167.8 679.8 660.2 139.5 359.2 
W C 1878.6 869.8 1441.8 1575.7 1102.7 1058.4 
F 1185.623428 696.401391 0.482299
D C 693.8 -171.0 631.8 664.6 94.7 360.3 
W C 1879.6 866.7 1437.1 1578.2 1102.4 1059.5 
F 1225.199728 717.121044 0.482299
D C 666.3 -170.7 595.6 658.1 63.8 362.6 
W C 1894.7 874.9 1447.6 1576.4 1113.5 1067.9 
F 1265.085219 738.002569 0.482299
D C 648.8 -174.7 583.1 656.4 47.9 363.1 
W C 1920.9 884.1 1477.2 1589.9 1139.1 1081.9 
F 1265.085219 738.002569 0.482299
D C 603.7 -176.6 536.2 654.4 -0.3 365.0 
W C 1881.8 861.6 1436.6 1566.4 1095.6 1061.2 
F 1303.990788 759.605958 0.503239
D C 570.1 -174.4 500.0 654.1 -32.9 366.1 
W C 1887.5 881.8 1426.6 1573.7 1098.6 1064.4 
F 1340.851270 785.897321 0.603286
D C 540.6 -176.3 467.2 651.6 -64.7 364.7 
W C 1886.1 947.4 1355.9 1587.6 1080.7 1049.5 
F 1371.831952 818.434350 0.780113
D C 495.0 -211.8 473.4 623.2 -72.1 366.8 
W C 1872.6 1016.1 1270.0 1594.4 1062.6 1028.5 
F 1371.831952 818.434350 0.780113
D C 467.3 -233.0 477.6 609.1 -77.0 367.7 
W C 1867.9 981.5 1282.9 1587.3 1058.5 1025.7 
F 1395.832486 856.692973 0.977879
D C 384.1 -301.2 513.5 530.3 421.7 1394.0 -68.8 368.2 
W C 1860.2 1006.9 1243.0 1578.8 475.4 1985.4 1052.0 1005.3 
F 1411.861209 895.461273 1.143073
D C 292.0 -357.5 542.5 445.9 577.0 1315.3 -59.0 372.3 
W C 1858.2 1012.9 1231.2 1574.1 454.4 1966.1 1048.7 996.2 
F 1422.028874 935.935671 1.291979
D C 255.9 -377.3 547.0 414.2 621.5 1275.8 -54.4 372.7 
W C 1855.2 1078.1 1174.4 1575.8 366.5 1884.6 1048.8 986.2 
F 1422.028874 935.935671 1.291979
D C 187.9 -402.9 556.5 357.8 -47.5 373.2 
W C 1861.1 1005.7 1231.2 1569.4 1050.2 993.0 
F 1425.857080 976.975925 1.443213
D C 120.7 -424.8 560.1 299.9 791.8 1126.0 -41.8 374.4 
W C 1862.6 1042.7 1199.6 1570.7 409.8 1905.6 1049.2 983.1 
F 1423.908607 1017.775955 1.585139
D C 45.3 -442.5 558.3 237.8 874.6 1034.6 -34.7 373.1 
W C 1865.7 1069.4 1178.2 1572.6 376.9 1877.5 1051.3 977.7 
F 1415.549944 1058.675233 1.738699
D C 8.6 -446.6 556.9 207.5 -31.4 374.2 
W C 1854.4 1141.7 1117.9 1573.0 1051.9 965.2 
F 1400.844919 1092.999080 1.920179
D C -104.3 -453.2 534.5 120.4 998.4 846.7 194.9 1410.6 -21.0 374.8 
W C 1862.4 1150.1 1104.7 1553.9 263.6 1741.3 8.7 793.3 1055.9 945.0 
F 1400.844919 1092.999080 1.920179
D C -178.0 -446.0 512.5 55.6 1055.3 725.2 322.9 1383.0 -9.3 369.3 -318.6 961.9 
W C 1880.8 1078.5 1173.1 1555.5 358.3 1836.3 -9.2 922.9 1057.0 957.8 606.1 464.4 
F 1379.943189 1123.569748 2.110966
D C 488.7 -19.1 1115.7 575.6 473.2 1325.7 13.1 361.8 -220.7 993.5 
W C 1145.0 1552.5 312.5 1784.4 -0.3 847.6 1062.9 948.7 641.4 423.4 
F 1353.794695 1149.767665 2.297099
D C 456.0 -83.1 1153.1 425.6 612.4 1247.4 33.3 351.8 
W C 1113.1 1545.8 269.9 1729.2 14.4 779.2 1068.7 941.0 
F 1323.249662 1170.674018 2.483233
D C 388.3 -177.5 791.3 1096.5 58.8 334.4 
W C 1124.7 1548.7 26.4 787.5 1072.1 942.2 
F 1323.249662 1170.674018 2.483233
D C 361.4 -204.4 1167.8 112.3 848.8 1048.9 66.9 327.2 
W C 1162.4 1553.5 330.8 1796.4 10.1 860.3 1070.1 952.8 
F 1287.959197 1185.517078 2.685653
D C 299.1 -257.6 1139.5 -48.1 958.3 919.4 80.4 309.7 
W C 1132.8 1548.5 286.1 1730.4 22.7 782.0 1079.5 942.9 
F 1251.121339 1192.937230 2.883419
D C 230.0 -296.1 1093.5 -195.8 1039.4 787.0 91.0 291.0 
W C 1104.3 1538.0 243.8 1661.5 45.2 697.4 1088.9 934.8 
F 1214.089411 1193.227616 3.074206
D C 160.0 -329.9 1025.6 -345.0 1108.0 642.3 100.3 272.9 
W C 1076.6 1533.1 214.0 1606.5 65.3 627.0 1095.7 927.7 
F 1174.661554 1189.640910 3.199846
D C 126.2 -345.2 988.0 -411.9 1127.3 564.2 103.5 264.0 
W C 1028.6 1526.9 164.3 1543.4 82.1 560.8 1086.7 920.0 
F 1174.661554 1189.640910 3.199846
D C 21.0 -374.4 861.3 -590.0 1181.2 351.4 111.6 238.2 
W C 1131.9 1562.1 280.5 1728.5 15.9 770.1 1077.2 945.3 
F 1129.535714 1187.131787 3.197519
D C -50.1 -379.6 773.3 -670.2 1165.1 240.1 99.6 227.0 
W C 1158.3 1569.0 320.0 1813.1 -20.3 882.3 1042.8 954.9 
F 1085.114702 1184.523118 3.199846
D C -106.3 -380.6 702.3 -697.0 1136.0 194.4 558.8 694.9 69.4 222.0 
W C 1169.1 1570.7 343.4 1839.4 -37.7 924.3 567.7 458.3 1028.8 958.9 
F 1040.518476 1181.922296 3.199846
D C 638.2 -720.6 1103.8 147.3 549.8 679.4 42.0 219.2 
W C 361.5 1864.2 -52.8 970.6 531.2 471.7 1011.3 960.6 
F 1040.518476 1181.922296 3.199846
D C 583.9 -723.9 1056.0 144.2 505.9 678.8 -5.6 223.2 
W C 415.5 1870.6 -5.3 976.5 575.0 474.9 1059.1 959.5 
F 995.044205 1179.393259 3.197519
D C 568.0 -722.2 1029.5 143.8 487.8 675.9 -21.7 225.9 
W C 387.5 1868.7 -24.8 978.3 545.8 477.3 1029.4 955.0 
F 950.274761 1176.764676 3.199846
D C 539.2 -725.9 994.3 145.1 452.1 682.3 
W C 369.7 1870.1 -33.9 974.0 538.6 469.3 
F 905.497352 1174.275467 3.197519
D C 502.1 -721.1 959.5 143.1 423.8 679.6 
W C 363.9 1866.2 -44.5 977.8 520.3 472.1 
F 905.497352 1174.275467 3.197519
D C 472.7 -720.6 927.4 144.1 389.9 684.6 
W C 393.2 1867.3 -12.4 978.6 554.5 469.0 
F 861.243650 1171.797920 3.197519
D C 439.7 -722.3 894.6 141.8 365.5 685.0 
W C 381.8 1868.4 -24.1 980.2 534.6 467.4 
F 816.474207 1169.169338 3.199846
D C 408.0 -724.1 862.3 144.8 327.5 688.2 
W C 367.0 1868.3 -35.9 974.4 529.6 463.0 
F 771.696798 1166.680128 3.197519
D C 363.4 -720.5 813.0 149.4 278.9 692.8 
W C 368.6 1865.8 -31.7 972.0 531.9 459.4 
F 726.927354 1164.051546 3.199846
D C 347.9 -722.6 793.1 145.8 265.8 690.5 
W C 337.6 1865.2 -56.3 972.4 501.8 459.2 
F 682.149945 1161.562336 3.197519
D C 313.2 -723.1 758.5 146.6 233.0 692.6 
W C 329.0 1866.0 -66.9 972.8 488.3 457.0 
F 682.149945 1161.562336 3.197519
D C 264.4 -723.1 708.3 143.7 184.1 692.2 
W C 377.8 1868.7 -17.0 978.5 537.0 460.2 
F 637.199335 1159.045773 3.197519
D C 249.0 -721.9 691.2 144.6 166.4 693.4 
W C 348.3 1865.9 -44.8 976.0 509.9 457.5 
F 592.597179 1156.548719 3.197519
D C 200.8 -723.4 644.3 145.2 118.3 697.5 
W C 351.7 1867.6 -42.5 975.6 513.5 453.6 
F 547.646569 1154.032156 3.197519
D C 625.4 147.0 103.3 700.2 
W C -68.6 972.3 483.6 449.2 
F 547.646569 1154.032156 3.197519
D C 153.4 -722.0 592.6 145.0 75.1 701.7 
W C 354.1 1866.3 -35.9 976.1 511.9 449.3 
F 502.725222 1151.027774 3.206826
D C 548.2 148.5 25.4 704.5 
W C -34.6 967.1 523.3 446.3 
F 459.447774 1138.964467 3.383653
D C 94.8 -727.4 530.3 145.4 6.0 704.9 
W C 193.0 1822.4 -20.5 870.7 622.6 453.2 
F 425.115750 1115.437142 3.676813
D C -17.4 -730.3 501.2 85.8 46.7 697.9 
W C 67.6 1752.5 37.7 786.0 741.0 491.3 
F 403.328831 1089.520536 3.918786
D C -69.5 -734.5 488.2 51.5 80.8 694.3 
W C -62.2 1661.8 91.4 710.5 832.6 537.9 
F 403.328831 1089.520536 3.918786
D C -201.2 -720.6 470.1 -31.4 163.9 665.1 
W C 41.4 1744.3 46.2 782.2 752.9 500.4 
F 388.135490 1058.474502 4.165413
D C -325.3 -689.0 438.1 -100.9 236.4 637.5 
W C -31.2 1694.7 74.1 736.7 809.7 525.0 
F 380.973866 1025.945957 4.400406
D C 394.8 -176.1 312.9 586.5 
W C 92.2 704.2 843.1 548.1 
F 381.804979 992.098512 4.642379
D C 305.4 -271.4 408.1 491.9 
W C 89.8 706.4 843.9 550.6 
F 381.804979 992.098512 4.642379
D C 272.6 -298.5 432.8 455.2 
W C 65.0 741.0 805.7 528.5 
F 391.189266 958.804783 4.893659
D C 197.6 -343.3 477.5 375.6 -139.4 637.0 
W C 89.1 702.5 846.7 556.9 992.6 1210.8 
F 407.644999 929.635415 5.130979
D C 121.6 -374.7 509.4 295.3 -59.8 642.2 
W C 114.7 666.2 884.5 584.2 970.1 1245.3 
F 430.320933 905.238753 5.365973
D C 44.4 -397.5 526.6 212.9 9.4 643.2 
W C 141.8 628.3 919.5 616.6 946.7 1288.9 
F 457.289091 886.968760 5.591659
D C -79.6 -408.3 527.6 77.0 122.2 616.6 
W C 135.6 623.2 912.8 609.8 944.6 1284.0 
F 457.289091 886.968760 5.591659
D C -117.1 -404.9 518.4 38.6 154.2 601.9 -301.8 992.1 
W C 108.9 649.8 881.2 586.1 959.9 1252.2 857.5 1843.6 
F 488.250503 875.195695 5.824326
D C 484.2 -80.6 250.5 552.4 -114.8 1028.0 
W C 886.7 588.5 957.5 1259.5 840.7 1847.7 
F 521.420199 870.761773 6.056993
D C 463.7 -129.5 284.9 522.4 -45.0 1028.0 
W C 944.2 640.6 916.3 1316.0 708.2 1882.6 
F 564.365035 863.964795 6.115159
D C 417.6 -200.3 332.5 472.9 77.4 1016.9 
W C 942.6 596.7 971.3 1274.6 810.7 1853.6 
F 564.365035 863.964795 6.115159
D C 340.7 -282.7 370.5 402.0 195.8 988.2 
W C 853.0 528.3 996.9 1198.3 922.7 1805.5 
F 608.256079 856.643064 6.117486
D C 319.3 -281.9 353.5 402.9 185.7 984.8 
W C 876.7 525.9 1023.4 1195.7 953.9 1797.3 
F 652.316218 849.274771 6.117486
D C 240.6 -305.9 991.3 835.3 327.0 374.9 198.7 971.5 
W C 839.2 507.9 1767.8 1509.7 1036.6 1165.1 1008.5 1774.7 
F 696.720576 841.848912 6.117486
D C 214.0 -309.4 977.9 824.1 314.1 371.6 186.3 971.4 
W C 856.8 501.4 1797.1 1493.3 1067.8 1156.5 1040.7 1769.2 
F 740.436495 834.538184 6.117486
D C 178.8 -306.2 951.2 821.8 285.9 373.9 158.4 970.3 
W C 866.3 503.0 1814.1 1488.1 1084.0 1156.2 1056.7 1765.4 
F 740.436495 834.538184 6.117486
D C 128.9 -302.7 907.0 823.3 235.7 375.3 107.0 971.2 
W C 817.7 514.7 1770.9 1497.0 1034.8 1165.9 1006.1 1774.8 
F 784.840854 827.112325 6.117486
D C 113.7 -302.3 890.0 822.9 222.3 376.8 94.9 971.5 
W C 847.1 510.2 1798.3 1491.9 1066.3 1162.1 1038.7 1769.6 
F 829.245213 819.686467 6.117486
D C 66.0 -310.7 840.0 820.9 174.6 375.8 44.1 974.0 
W C 843.1 502.3 1793.1 1490.8 1063.4 1161.5 1033.4 1773.1 
F 873.305352 812.318174 6.117486
D C 33.1 -313.4 805.3 821.5 142.7 377.7 11.2 970.1 
W C 854.2 497.7 1803.1 1489.7 1076.4 1161.3 1044.3 1767.2 
F 917.709710 804.892315 6.117486
D C 19.5 -314.1 787.0 817.8 126.4 379.8 -3.7 969.8 
W C 885.2 491.8 1828.9 1481.7 1105.1 1158.6 1074.0 1762.0 
F 917.709710 804.892315 6.117486
D C -32.5 -322.0 739.6 817.2 75.5 375.2 -57.4 971.4 
W C 832.6 492.6 1781.9 1488.9 1054.1 1162.5 1021.3 1772.5 
F 963.073501 802.271687 6.210553
D C -47.5 -322.1 722.7 813.6 62.7 376.4 -69.6 973.6 
W C 892.3 484.4 1743.0 1561.2 1052.9 1173.2 964.4 1778.4 
F 1007.957669 804.257630 0.027414
D C -112.3 -327.2 725.8 768.1 37.2 368.9 
W C 904.7 474.1 1712.4 1592.0 1035.0 1174.1 
F 1052.419037 810.716666 0.127461
D C 737.4 716.2 29.7 360.8 
W C 1692.8 1614.9 1036.0 1172.4 
F 1052.419037 810.716666 0.127461
D C 749.0 659.2 21.4 352.5 
W C 1711.5 1559.8 1028.8 1163.1 
F 1095.866911 821.434396 0.225181
D C 758.7 612.0 13.7 349.5 
W C 1698.8 1587.4 1031.2 1165.2 
F 1138.397677 836.434377 0.322901
D C 758.2 585.2 7.2 348.2 
W C 1671.8 1632.0 1034.7 1168.9 
F 1178.726331 855.433774 0.422947
D C 770.6 508.9 -4.5 342.3 
W C 1672.5 1635.8 1034.2 1165.7 
F 1178.726331 855.433774 0.422947
D C 766.6 476.4 -6.5 341.0 
W C 1682.2 1604.5 1032.8 1163.7 
F 1216.811814 878.975731 0.534627
D C 760.5 392.3 151.5 927.9 -23.1 337.4 
W C 1671.3 1604.0 874.4 1754.6 1025.0 1157.6 
F 1249.390683 910.254561 0.732394
D C 755.6 338.4 180.4 910.6 -30.4 337.6 
W C 1585.0 1667.1 774.7 1708.0 1001.1 1141.0 
F 1274.954034 947.067376 0.930161
D C 757.7 290.3 220.0 892.9 -24.9 334.6 
W C 1495.1 1728.0 690.6 1657.1 991.8 1127.1 
F 1293.032082 984.709037 1.088374
D C 753.6 172.2 303.5 850.2 -19.5 330.7 
W C 1490.0 1732.2 680.6 1648.0 991.0 1120.8 
F 1293.032082 984.709037 1.088374
D C 738.4 98.5 347.6 819.4 -20.3 325.7 
W C 1548.3 1684.6 728.4 1672.7 995.1 1117.8 
F 1305.559953 1023.762733 1.227974
D C 717.3 27.0 393.3 776.9 -18.0 321.5 
W C 1521.3 1708.4 706.1 1655.3 996.7 1114.9 
F 1312.276898 1063.701577 1.369901
D C 686.3 -48.0 429.1 732.3 -16.8 318.1 
W C 1496.2 1726.6 680.3 1630.3 997.2 1110.7 
F 1312.846398 1105.442371 1.523461
D C 674.1 -78.4 446.2 710.7 -17.8 317.5 
W C 1423.1 1775.1 624.1 1584.8 994.9 1102.7 
F 1311.765570 1148.387565 1.583954
D C 609.6 -186.5 504.6 627.4 -14.5 310.6 
W C 1490.2 1760.4 677.7 1644.7 1001.3 1129.8 
F 1311.765570 1148.387565 1.583954
D C 563.9 -251.5 530.6 579.1 277.6 1401.2 -14.4 307.3 
W C 1555.8 1715.5 725.7 1671.3 -92.9 1407.5 1004.7 1130.0 
F 1311.177807 1193.055698 1.583954
D C 514.5 -280.6 518.6 548.9 -35.7 302.6 
W C 1585.0 1711.2 755.5 1704.4 1009.0 1153.4 
F 1310.590043 1237.723832 1.583954
D C 462.0 -312.3 514.2 521.3 -55.7 302.8 
W C 1616.8 1703.8 782.5 1745.0 1008.5 1178.1 
F 1310.006871 1282.042995 1.583954
D C 438.5 -324.7 505.4 512.4 343.0 1356.1 
W C 1628.9 1724.7 791.0 1780.7 -50.5 1607.2 
F 1310.006871 1282.042995 1.583954
D C 383.7 -330.5 458.1 506.2 
W C 1635.5 1670.1 797.8 1733.5 
F 1309.289854 1327.232851 1.586281
D C 366.5 -329.6 439.9 510.8 282.2 1358.8 
W C 1633.2 1698.7 791.8 1759.2 -53.7 1588.4 
F 1308.603568 1371.550537 1.586281
D C 314.1 -329.4 389.6 509.6 234.2 1355.6 
W C 1633.1 1690.7 793.1 1753.2 -50.5 1584.7 
F 1307.906474 1416.566140 1.586281
D C 281.4 -334.0 358.1 509.2 
W C 1637.5 1703.1 793.2 1766.7 
F 1307.209381 1461.581743 1.586281
D C 264.3 -331.8 342.2 513.0 188.3 1362.5 
W C 1634.9 1731.0 789.0 1795.8 -58.1 1628.7 
F 1307.209381 1461.581743 1.586281
D C 211.3 -333.1 291.9 512.5 
W C 1637.0 1678.0 790.2 1745.5 
F 1306.517691 1506.248388 1.586281
D C 162.4 -332.1 238.8 514.0 
W C 1636.1 1673.8 788.9 1737.0 
F 1301.541226 1551.222874 1.667714
D C 143.5 -331.4 221.4 517.6 
W C 1617.5 1726.2 764.9 1721.5 
F 1292.155316 1594.977785 1.765434
D C 109.7 -338.3 205.5 510.3 87.2 1366.9 
W C 1602.9 1768.1 751.7 1697.9 -65.8 1416.1 
F 1292.155316 1594.977785 1.765434
D C 51.7 -354.2 204.8 495.6 152.2 1344.3 
W C 1629.7 1714.2 766.3 1700.1 -56.2 1484.3 
F 1278.470492 1637.405405 1.865481
D C -2.0 -366.8 201.7 479.7 201.0 1334.0 
W C 1630.0 1742.0 760.8 1691.1 -56.5 1442.3 
F 1260.380663 1678.910694 1.965527
D C -89.3 -367.3 193.6 452.6 287.5 1303.5 
W C 1633.8 1737.7 768.1 1683.6 -53.4 1443.0 
F 1238.718617 1717.670322 2.063247
D C -114.9 -367.4 192.3 445.6 
W C 1616.8 1790.2 755.1 1676.4 
F 1238.718617 1717.670322 2.063247
D C 188.6 433.5 
W C 767.5 1678.9 
F 1209.812229 1752.497359 2.235421
D C 180.2 421.1 -535.6 1553.0 
W C 767.2 1634.6 317.7 373.1 
F 1174.776350 1780.710806 2.430861
D C 191.5 396.3 -394.3 1589.8 
W C 771.1 1605.3 436.4 318.6 
F 1137.468985 1801.394125 2.600707
D C 195.4 385.9 -341.6 1607.4 
W C 771.3 1571.2 602.6 247.5 
F 1098.776159 1817.733918 2.717041
D C 197.8 352.4 -152.7 1641.1 
W C 773.4 1578.1 562.0 259.4 
F 1098.776159 1817.733918 2.717041
D C 201.8 323.6 
W C 781.6 1606.0 
F 1057.751972 1836.278634 2.717041
D C 186.7 307.7 73.9 1631.5 
W C 760.9 1632.8 318.4 380.0 
F 1017.363818 1854.535834 2.717041
D C 156.7 300.3 108.7 1625.6 
W C 750.9 1645.4 248.7 418.0 
F 975.048710 1869.517437 2.789167
D C 777.9 870.3 142.8 297.7 130.5 1647.7 
W C -55.4 1321.3 738.3 1639.4 283.9 368.1 
F 931.759060 1880.134235 2.884561
D C 744.5 853.8 91.7 296.6 109.0 1630.4 
W C -5.4 1243.7 767.7 1616.6 411.9 331.0 
F 931.759060 1880.134235 2.884561
D C 769.1 794.2 75.3 286.5 
W C -13.9 1307.5 786.1 1622.2 
F 887.080298 1886.327221 2.986934
D C 796.1 731.6 59.8 275.2 
W C -12.3 1286.1 785.6 1623.7 
F 841.837379 1888.061932 3.086981
D C 798.9 673.2 39.8 269.8 
W C 7.4 1259.5 787.3 1620.8 
F 797.167035 1885.388395 3.184701
D C 806.7 646.7 27.1 268.4 -373.5 1413.0 
W C 19.0 1204.6 781.7 1616.1 1231.3 489.8 
F 797.167035 1885.388395 3.184701
D C 816.6 568.6 474.0 1516.4 -0.2 265.4 
W C 5.8 1282.1 388.9 350.0 808.8 1620.3 
F 752.812505 1878.232406 3.284747
D C 572.4 1473.6 -29.0 267.1 
W C 396.5 338.1 819.6 1618.0 
F 709.880629 1866.900727 3.382467
D C 817.8 457.5 599.2 1437.2 
W C 24.8 1227.5 470.8 328.2 
F 667.128279 1850.969333 3.482514
D C 813.0 394.5 662.2 1391.8 
W C 32.8 1207.4 508.4 317.9 
F 627.582380 1831.555840 3.580234
D C 801.2 338.3 710.7 1352.0 
W C 46.0 1185.0 558.3 305.8 
F 627.582380 1831.555840 3.580234
D C 783.6 281.0 764.5 1295.6 35.1 1477.0 
W C 37.6 1244.3 485.7 333.9 1223.0 479.5 
F 589.194553 1807.886446 3.677954
D C 764.5 209.6 833.2 1216.3 116.1 1466.2 
W C 39.2 1237.0 494.6 336.6 1238.6 488.3 
F 553.151173 1780.192791 3.780327
D C 750.4 188.6 850.1 1201.2 138.7 1465.5 -131.7 814.5 
W C 63.1 1181.4 586.7 309.0 1315.5 521.0 1144.5 1204.7 
F 520.233806 1749.365652 3.878047
D C 727.1 133.6 899.2 1132.4 210.0 1454.1 -106.8 819.3 
W C 71.3 1162.0 614.6 306.4 1341.3 531.0 1149.7 1214.1 
F 520.233806 1749.365652 3.878047
D C 698.3 82.3 944.5 1076.4 270.3 1433.5 -82.0 825.8 
W C 58.2 1219.3 543.5 317.6 1282.8 505.8 1135.6 1192.6 
F 490.940140 1715.761211 3.978094
D C 666.6 37.4 967.4 1005.2 325.5 1413.6 -64.3 828.6 
W C 72.0 1195.9 588.9 324.1 1322.2 526.9 1149.1 1208.3 
F 464.928849 1679.128641 4.078141
D C 622.5 -24.4 1014.1 914.9 411.7 1376.0 -33.9 834.3 
W C 76.4 1192.1 600.9 320.1 1329.3 532.2 1157.0 1212.1 
F 442.506114 1639.999541 4.175861
D C 604.6 -51.6 1023.5 862.5 449.3 1363.5 -13.3 827.0 
W C 89.1 1146.7 660.7 319.4 1384.7 556.9 1160.1 1228.7 
F 424.334896 1599.485843 4.273581
D C 568.7 -89.3 1040.7 798.1 498.2 1330.7 -0.6 831.2 
W C 101.9 1122.6 704.7 318.2 1417.3 583.2 1177.0 1246.9 
F 424.334896 1599.485843 4.273581
D C 527.9 -130.1 1061.6 724.8 555.9 1288.5 29.9 827.4 
W C 82.3 1176.9 629.4 330.5 1354.6 548.8 1160.7 1220.9 
F 408.480744 1557.684574 4.338727
D C 489.8 -161.4 1074.0 658.4 599.7 1250.5 49.9 822.7 
W C 79.5 1160.6 629.4 317.4 1353.8 542.9 1156.2 1210.9 
F 391.997058 1515.977253 4.336401
D C 424.9 -203.8 1063.6 573.7 634.1 1206.3 54.5 815.3 
W C 46.5 1195.6 535.1 316.0 1281.2 483.2 1130.3 1165.9 
F 375.465708 1474.101186 4.336401
D C 408.4 -202.0 1043.3 583.6 616.2 1207.9 36.9 814.5 
W C 37.6 1168.4 535.2 289.3 1272.7 457.4 1119.5 1140.7 
F 375.465708 1474.101186 4.336401
D C 380.0 -201.3 1007.7 584.2 584.3 1208.8 4.4 815.2 
W C 48.7 1194.5 548.8 322.3 1285.3 486.8 1132.1 1170.7 
F 359.062509 1432.549741 4.336401
D C 962.2 581.7 529.8 1207.7 -43.5 821.1 
W C 546.8 324.0 1287.8 496.3 1138.8 1171.5 
F 342.708731 1390.791311 4.338727
D C 314.8 -199.0 943.1 578.1 513.7 1211.2 -58.9 823.9 
W C 42.5 1170.3 536.7 301.7 1282.8 470.4 1131.2 1144.8 
F 326.225044 1349.083990 4.336401
D C 265.7 -198.0 891.4 580.9 465.3 1208.9 -108.0 828.4 
W C 44.5 1174.7 539.2 306.6 1279.8 472.4 1136.4 1145.3 
F 309.565545 1306.883303 4.336401
D C 869.8 582.1 451.0 1216.1 -123.8 830.4 
W C 531.7 284.0 1275.1 440.9 1127.4 1117.1 
F 309.565545 1306.883303 4.336401
D C 819.7 578.2 395.0 1211.1 -171.4 832.0 
W C 546.4 332.1 1291.1 494.8 1146.4 1160.9 
F 297.586002 1263.596760 4.427141
D C 786.8 577.0 369.8 1208.9 -199.2 836.0 
W C 629.9 346.2 1353.6 568.6 1155.9 1219.5 
F 290.140640 1220.176392 4.524861
D C 791.9 547.7 397.6 1194.2 -178.9 841.8 
W C 680.6 340.1 1389.3 606.9 1150.5 1239.0 
F 286.920013 1175.014921 4.624907
D C 800.5 487.3 456.3 1164.3 -151.4 853.1 
W C 702.4 335.0 1406.9 618.7 1150.0 1251.3 
F 286.920013 1175.014921 4.624907
D C 792.5 440.1 486.3 1136.8 -131.6 864.4 
W C 656.1 347.1 1376.8 591.3 1159.5 1230.6 
F 288.110602 1129.932241 4.722627
D C 783.9 354.0 551.8 1073.5 -89.2 871.4 
W C 650.1 349.7 1367.2 589.2 1158.5 1228.0 
F 291.731416 1085.377093 4.783121
D C 773.2 321.0 577.4 1051.0 -73.1 872.3 
W C 666.5 336.8 1380.9 583.7 1156.7 1219.9 
F 294.779167 1040.634230 4.780794
D C 760.3 264.8 611.3 1007.6 -49.1 875.8 
W C 610.9 300.2 1341.8 499.6 1165.2 1149.5 
F 297.941920 996.249227 4.783121
D C 717.7 259.9 567.3 1010.5 -90.0 879.8 
W C 607.9 298.7 1346.0 501.7 1169.2 1148.2 
F 297.941920 996.249227 4.783121
D C 700.2 258.4 553.8 1008.0 -106.8 882.8 
W C 605.2 316.1 1342.6 515.0 1171.0 1165.2 
F 301.099013 951.688927 4.783121
D C 647.3 264.1 502.1 1014.8 -159.5 883.0 
W C 610.2 324.7 1348.9 522.6 1170.6 1173.2 
F 304.146763 906.946065 4.780794
D C 631.6 262.2 485.8 1013.0 -177.4 888.3 
W C 608.9 294.7 1347.9 491.5 1178.2 1144.6 
F 307.333776 862.212906 4.783121
D C 597.3 265.3 449.4 1015.8 -211.3 886.6 
W C 614.2 285.2 1352.3 485.8 1176.8 1135.6 
F 307.333776 862.212906 4.783121
D C 549.5 266.6 401.0 1013.9 -258.8 889.9 
W C 612.1 332.9 1347.0 533.9 1176.7 1183.2 
F 310.430046 816.773732 4.780794
D C 534.7 265.6 387.7 1016.7 -272.4 895.5 
W C 611.9 301.4 1351.3 499.4 1185.2 1149.7 
F 313.459599 772.554391 4.780794
D C 487.4 268.7 335.3 1017.6 
W C 614.9 304.7 1351.6 507.6 
F 316.646612 727.821232 4.783121
D C 455.4 265.9 303.6 1014.8 
W C 614.0 292.4 1350.4 496.7 
F 316.646612 727.821232 4.783121
D C 436.2 267.4 290.6 1016.7 
W C 614.2 311.6 1351.3 509.8 
F 319.828369 682.912805 4.783121
D C 389.4 271.1 237.9 1018.8 
W C 617.8 313.6 1352.9 517.7 
F 322.876120 638.169942 4.780794
D C 372.0 272.8 218.6 1021.1 
W C 620.5 285.7 1356.5 489.8 
F 326.063133 593.436784 4.783121
D C 327.8 272.8 173.6 1023.7 
W C 621.4 285.7 1359.4 492.6 
F 328.989584 550.434700 4.780794
D C 311.1 273.8 154.6 1026.0 
W C 623.4 258.8 1363.2 466.3 
F 329.508021 543.998671 4.783121
D C 275.0 275.4 119.7 1028.7 
W C 623.6 289.2 1364.1 497.3 
F 329.508021 543.998671 4.783121
D C 236.5 272.9 87.6 1026.0 
W C 618.4 327.4 1359.1 529.1 
F 329.508021 543.998671 4.783121
D C 238.9 274.0 90.6 1024.0 
W C 619.7 325.0 1357.4 526.0 
F 329.508021 543.998671 4.783121
D C 240.1 275.4 90.5 1022.8 
W C 621.2 323.9 1356.1 526.0 
F 329.508021 543.998671 4.783121
D C 239.5 274.7 90.1 1019.0 
W C 620.4 324.5 1352.4 526.1 
F 329.508021 543.998671 4.783121
D C 238.7 273.7 90.6 1024.2 
W C 619.4 325.2 1357.6 526.0 
F 329.508021 543.998671 4.783121
D C 238.7 273.7 90.6 1024.6 
W C 619.4 325.3 1358.0 526.0 
F 329.508021 543.998671 4.783121
D C 239.2 274.3 90.6 1024.1 
W C 620.1 324.7 1357.4 526.0 
