M 204 20795 20795 3000 0 16067 16066 3000 0 0 0 6000 0
M 524 20795 20794 3000 0 16067 16066 3000 0 0 0 6000 0
M 735 20795 20795 3000 0 16067 16066 3000 0 0 0 6000 0
M 995 20795 20795 3000 0 16067 16067 3000 0 0 0 6000 0
M 995 20795 20795 3000 0 16067 16067 3000 0 0 0 6000 0
M 1233 20795 20795 3000 0 16067 16067 3000 0 0 0 6000 0
M 1499 20795 20795 3000 0 16067 16067 3000 0 0 0 6000 0
M 1763 20795 20795 3000 0 16067 16067 3000 0 0 0 6000 0
M 1763 20795 20795 3000 0 16067 16067 3000 0 0 0 6000 0
M 2025 20795 20795 3000 0 16067 16066 3000 0 0 0 6000 0
M 2276 20795 20795 3000 0 16067 16066 3000 0 0 0 6000 0
M 2533 20795 20794 3000 0 16067 16067 3000 0 0 0 6000 0
M 2533 20795 20794 3000 0 16067 16067 3000 0 0 0 6000 0
M 2834 20866 20857 3000 500 16138 16129 3000 500 0 0 6000 0
M 3084 20993 20994 3000 500 16265 16267 3000 500 0 0 6000 0
M 3300 21122 21124 3000 500 16393 16395 3000 500 0 0 6000 0
M 3548 21251 21252 3000 500 16522 16523 3000 500 0 0 6000 0
M 3548 21251 21252 3000 500 16522 16523 3000 500 0 0 6000 0
M 3804 21379 21380 3000 500 16650 16652 3000 500 0 0 6000 0
M 4094 21507 21509 3000 500 16779 16780 3000 500 0 0 6000 0
M 4372 21636 21637 3000 500 16907 16910 3000 500 0 0 6000 0
M 4581 21764 21766 3000 500 17036 17037 3000 500 0 0 6000 0
M 4581 21764 21766 3000 500 17036 17037 3000 500 0 0 6000 0
M 4881 21893 21894 3000 500 17164 17166 3000 500 0 0 6000 0
M 5089 22021 22023 3000 500 17293 17294 3000 500 0 0 6000 0
M 5089 22021 22023 3000 500 17293 17294 3000 500 0 0 6000 0
M 5404 22150 22151 3000 500 17421 17423 3000 500 0 0 6000 0
M 5617 22278 22280 3000 500 17550 17552 3000 500 0 0 6000 0
M 5866 22407 22408 3000 500 17678 17680 3000 500 0 0 6000 0
M 6155 22535 22538 3000 500 17807 17809 3000 500 0 0 6000 0
M 6393 22664 22665 3000 500 17935 17937 3000 500 0 0 6000 0
M 6393 22664 22665 3000 500 17935 17937 3000 500 0 0 6000 0
M 6675 22792 22793 3000 500 18064 18066 3000 500 0 0 6000 0
M 6932 22921 22923 3000 500 18192 18194 3000 500 0 0 6000 0
M 7148 23050 23051 3000 500 18321 18323 3000 500 0 0 6000 0
M 7148 23050 23051 3000 500 18321 18323 3000 500 0 0 6000 0
M 7446 23178 23179 3000 500 18449 18451 3000 500 0 0 6000 0
M 7669 23306 23308 3000 500 18578 18579 3000 500 0 0 6000 0
M 7959 23435 23436 3000 500 18706 18708 3000 500 0 0 6000 0
M 8174 23564 23565 3000 500 18835 18837 3000 500 0 0 6000 0
M 8174 23564 23565 3000 500 18835 18837 3000 500 0 0 6000 0
M 8432 23692 23693 3000 500 18963 18965 3000 500 0 0 6000 0
M 8727 23820 23822 3000 500 19092 19093 3000 500 0 0 6000 0
M 8942 23949 23950 3000 500 19220 19222 3000 500 0 0 6000 0
M 8942 23949 23950 3000 500 19220 19222 3000 500 0 0 6000 0
M 9244 24077 24079 3000 500 19349 19351 3000 500 0 0 6000 0
M 9466 24206 24207 3000 500 19477 19480 3000 500 0 0 6000 0
M 9728 24335 24337 3000 500 19606 19608 3000 500 0 0 6000 0
M 9995 24465 24465 3000 500 19736 19737 3000 500 0 0 6000 0
M 9995 24465 24465 3000 500 19736 19737 3000 500 0 0 6000 0
M 10234 24593 24593 3000 500 19865 19866 3000 500 0 0 6000 0
M 10522 24722 24723 3000 500 19993 19994 3000 500 0 0 6000 0
M 10780 24850 24851 3000 500 20122 20123 3000 500 0 0 6000 0
M 10780 24850 24851 3000 500 20122 20123 3000 500 0 0 6000 0
M 11017 24979 24979 3000 500 20250 20251 3000 500 0 0 6000 0
M 11266 25107 25108 3000 500 20379 20379 3000 500 0 0 6000 0
M 11531 25236 25237 3000 500 20507 20509 3000 500 0 0 6000 0
M 11531 25236 25237 3000 500 20507 20509 3000 500 0 0 6000 0
M 11802 25364 25364 3000 500 20636 20637 3000 500 0 0 6000 0
M 12074 25493 25493 3000 500 20764 20765 3000 500 0 0 6000 0
M 12302 25618 25621 3000 417 20896 20894 3000 583 0 0 6000 0
M 12564 25724 25726 3000 417 21045 21046 3000 583 0 0 6000 0
M 12564 25724 25726 3000 417 21045 21046 3000 583 0 0 6000 0
M 12806 25832 25832 3000 417 21195 21195 3000 583 0 0 6000 0
M 13089 25939 25940 3000 417 21345 21346 3000 583 0 0 6000 0
M 13351 26046 26047 3000 417 21494 21495 3000 583 0 0 6000 0
M 13584 26153 26153 3000 417 21643 21644 3000 583 0 0 6000 0
M 13584 26153 26153 3000 417 21643 21644 3000 583 0 0 6000 0
M 13846 26259 26260 3000 417 21792 21794 3000 583 0 0 6000 0
M 14080 26367 26366 3000 417 21943 21942 3000 583 0 0 6000 0
M 14351 26472 26474 3000 417 22091 22093 3000 583 0 0 6000 0
M 14598 26580 26581 3000 417 22240 22242 3000 583 0 0 6000 0
M 14598 26580 26581 3000 417 22240 22242 3000 583 0 0 6000 0
M 14862 26671 26671 3000 334 22410 22394 3000 666 0 0 6000 0
M 15132 26756 26757 3000 334 22580 22545 3000 666 0 0 6000 0
M 15385 26842 26842 3000 334 22745 22699 3000 666 0 0 6000 0
M 15385 26842 26842 3000 334 22745 22699 3000 666 0 0 6000 0
M 15631 26926 26927 3000 334 22896 22850 3000 666 0 0 6000 0
M 15923 27012 27014 3000 334 23051 23003 3000 666 0 0 6000 0
M 16134 27098 27099 3000 334 23202 23154 3000 666 0 0 6000 0
M 16134 27098 27099 3000 334 23202 23154 3000 666 0 0 6000 0
M 16410 27183 27184 3000 334 23353 23305 3000 666 0 0 6000 0
M 16645 27269 27270 3000 334 23499 23454 3000 666 0 0 6000 0
M 16910 27355 27355 3000 334 23655 23607 3000 666 0 0 6000 0
M 17188 27441 27440 3000 334 23807 23759 3000 666 0 0 6000 0
M 17188 27441 27440 3000 334 23807 23759 3000 666 0 0 6000 0
M 17428 27526 27526 3000 334 23958 23911 3000 666 0 0 6000 0
M 17702 27611 27613 3000 334 24111 24065 3000 666 0 0 6000 0
M 17945 27697 27698 3000 334 24263 24216 3000 666 0 0 6000 0
M 17945 27697 27698 3000 334 24263 24216 3000 666 0 0 6000 0
M 18203 27817 27817 3000 500 24398 24369 3000 500 0 0 6000 0
M 18455 27945 27947 3000 500 24527 24528 3000 500 0 0 6000 0
M 18712 28074 28074 3000 500 24655 24657 3000 500 0 0 6000 0
M 18976 28201 28202 3000 500 24782 24784 3000 500 0 0 6000 0
M 18976 28201 28202 3000 500 24782 24784 3000 500 0 0 6000 0
M 19215 28329 28331 3000 500 24911 24913 3000 500 0 0 6000 0
M 19467 28458 28460 3000 500 25040 25041 3000 500 0 0 6000 0
M 19735 28588 28589 3000 500 25170 25171 3000 500 0 0 6000 0
M 19985 28717 28717 3000 500 25298 25299 3000 500 0 0 6000 0
M 19985 28717 28717 3000 500 25298 25299 3000 500 0 0 6000 0
M 20292 28845 28846 3000 500 25427 25427 3000 500 0 0 6000 0
M 20506 28972 28974 3000 500 25554 25556 3000 500 0 0 6000 0
M 20757 29101 29102 3000 500 25683 25684 3000 500 0 0 6000 0
M 20757 29101 29102 3000 500 25683 25684 3000 500 0 0 6000 0
M 21026 29229 29231 3000 500 25811 25812 3000 500 0 0 6000 0
M 21295 29358 29360 3000 500 25940 25941 3000 500 0 0 6000 0
M 21555 29486 29488 3000 500 26068 26069 3000 500 0 0 6000 0
M 21785 29615 29616 3000 500 26197 26198 3000 500 0 0 6000 0
M 21785 29615 29616 3000 500 26197 26198 3000 500 0 0 6000 0
M 22042 29738 29742 3000 417 26329 26328 3000 583 0 0 6000 0
M 22292 29846 29847 3000 417 26480 26480 3000 583 0 0 6000 0
M 22565 29936 29936 3000 334 26646 26630 3000 666 0 0 6000 0
M 22565 29936 29936 3000 334 26646 26630 3000 666 0 0 6000 0
M 22821 30022 30022 3000 334 26817 26777 3000 666 0 0 6000 0
M 23076 30106 30108 3000 334 26972 26926 3000 666 0 0 6000 0
M 23328 30193 30194 3000 334 27123 27075 3000 666 0 0 6000 0
M 23328 30193 30194 3000 334 27123 27075 3000 666 0 0 6000 0
M 23611 30278 30279 3000 334 27273 27225 3000 666 0 0 6000 0
M 23846 30364 30364 3000 334 27420 27373 3000 666 0 0 6000 0
M 24092 30450 30451 3000 334 27572 27522 3000 666 0 0 6000 0
M 24351 30517 30518 3000 251 27717 27670 3000 749 0 0 6000 0
M 24351 30517 30518 3000 251 27717 27670 3000 749 0 0 6000 0
M 24657 30581 30582 3000 251 27863 27816 3000 749 0 0 6000 0
M 24871 30646 30646 3000 251 28008 27960 3000 749 0 0 6000 0
M 25121 30711 30711 3000 251 28153 28106 3000 749 0 0 6000 0
M 25121 30711 30711 3000 251 28153 28106 3000 749 0 0 6000 0
M 25426 30776 30776 3000 251 28305 28255 3000 749 0 0 6000 0
M 25644 30840 30840 3000 251 28454 28404 3000 749 0 0 6000 0
M 25907 30904 30905 3000 251 28600 28551 3000 749 0 0 6000 0
M 26144 30990 30986 3000 500 28740 28699 3000 500 0 0 6000 0
M 26144 30990 30986 3000 500 28740 28699 3000 500 0 0 6000 0
M 26408 31120 31120 3000 500 28869 28857 3000 500 0 0 6000 0
M 26684 31247 31247 3000 500 28997 28999 3000 500 0 0 6000 0
M 26918 31375 31376 3000 500 29125 29127 3000 500 0 0 6000 0
M 26918 31375 31376 3000 500 29125 29127 3000 500 0 0 6000 0
M 27216 31506 31506 3000 500 29255 29256 3000 500 0 0 6000 0
M 27434 31634 31635 3000 500 29384 29385 3000 500 0 0 6000 0
M 27729 31763 31763 3000 500 29512 29513 3000 500 0 0 6000 0
M 27729 31763 31763 3000 500 29512 29513 3000 500 0 0 6000 0
M 28001 31890 31891 3000 500 29639 29641 3000 500 0 0 6000 0
M 28208 32018 32020 3000 500 29768 29770 3000 500 0 0 6000 0
M 28502 32147 32148 3000 500 29896 29898 3000 500 0 0 6000 0
M 28714 32275 32277 3000 500 30025 30026 3000 500 0 0 6000 0
M 28989 32404 32405 3000 500 30153 30155 3000 500 0 0 6000 0
M 28989 32404 32405 3000 500 30153 30155 3000 500 0 0 6000 0
M 29269 32533 32534 3000 500 30282 30284 3000 500 0 0 6000 0
M 29496 32661 32662 3000 500 30410 30412 3000 500 0 0 6000 0
M 29768 32790 32790 3000 500 30539 30540 3000 500 0 0 6000 0
M 29768 32790 32790 3000 500 30539 30540 3000 500 0 0 6000 0
M 30007 32917 32919 3000 417 30670 30669 3000 583 0 0 6000 0
M 30266 33007 33010 3000 251 30836 30819 3000 749 0 0 6000 0
M 30533 33061 33062 3000 168 31016 30969 3000 832 0 0 6000 0
M 30774 33104 33105 3000 168 31163 31116 3000 832 0 0 6000 0
M 30774 33104 33105 3000 168 31163 31116 3000 832 0 0 6000 0
M 31028 33148 33148 3000 168 31313 31263 3000 832 0 0 6000 0
M 31297 33191 33191 3000 168 31457 31410 3000 832 0 0 6000 0
M 31551 33234 33235 3000 168 31604 31559 3000 832 0 0 6000 0
M 31551 33234 33235 3000 168 31604 31559 3000 832 0 0 6000 0
M 31812 33277 33278 3000 168 31755 31704 3000 832 0 0 6000 0
M 32066 33320 33321 3000 168 31900 31850 3000 832 0 0 6000 0
M 32363 33363 33364 3000 168 32044 31995 3000 832 0 0 6000 0
M 32573 33406 33407 3000 168 32184 32138 3000 832 0 0 6000 0
M 32573 33406 33407 3000 168 32184 32138 3000 832 0 0 6000 0
M 32822 33449 33450 3000 168 32327 32283 3000 832 0 0 6000 0
M 33095 33493 33493 3000 180 32471 32425 3000 832 0 0 6000 0
M 33351 33605 33606 3000 500 32608 32573 3000 500 0 0 6000 0
M 33351 33605 33606 3000 500 32608 32573 3000 500 0 0 6000 0
M 33627 33732 33733 3000 500 32736 32731 3000 500 0 0 6000 0
M 33856 33860 33860 3000 500 32864 32865 3000 500 0 0 6000 0
M 34108 33989 33990 3000 500 32993 32994 3000 500 0 0 6000 0
M 34391 34116 34118 3000 500 33120 33121 3000 500 0 0 6000 0
M 34391 34116 34118 3000 500 33120 33121 3000 500 0 0 6000 0
M 34629 34245 34246 3000 500 33249 33250 3000 500 0 0 6000 0
M 34878 34374 34375 3000 500 33378 33379 3000 500 0 0 6000 0
M 35154 34502 34504 3000 500 33506 33507 3000 500 0 0 6000 0
M 35396 34631 34632 3000 500 33635 33636 3000 500 0 0 6000 0
M 35396 34631 34632 3000 500 33635 33636 3000 500 0 0 6000 0
M 35654 34741 34742 3000 417 33785 33786 3000 583 0 0 6000 0
M 35928 34848 34848 3000 417 33935 33936 3000 583 0 0 6000 0
M 36184 34955 34956 3000 417 34085 34086 3000 583 0 0 6000 0
M 36184 34955 34956 3000 417 34085 34086 3000 583 0 0 6000 0
M 36437 35062 35063 3000 417 34234 34234 3000 583 0 0 6000 0
M 36689 35170 35170 3000 417 34384 34385 3000 583 0 0 6000 0
M 36966 35276 35277 3000 417 34533 34534 3000 583 0 0 6000 0
M 36966 35276 35277 3000 417 34533 34534 3000 583 0 0 6000 0
M 37207 35380 35383 3000 334 34685 34683 3000 666 0 0 6000 0
M 37464 35466 35467 3000 334 34856 34835 3000 666 0 0 6000 0
M 37723 35551 35552 3000 334 35026 34982 3000 666 0 0 6000 0
M 37967 35636 35638 3000 334 35179 35131 3000 666 0 0 6000 0
M 37967 35636 35638 3000 334 35179 35131 3000 666 0 0 6000 0
M 38233 35723 35723 3000 334 35326 35278 3000 666 0 0 6000 0
M 38483 35808 35809 3000 334 35472 35425 3000 666 0 0 6000 0
M 38773 35894 35894 3000 334 35624 35576 3000 666 0 0 6000 0
M 38983 36004 36004 3000 500 35760 35723 3000 500 0 0 6000 0
M 38983 36004 36004 3000 500 35760 35723 3000 500 0 0 6000 0
M 39256 36132 36132 3000 500 35888 35881 3000 500 0 0 6000 0
M 39493 36260 36260 3000 500 36016 36017 3000 500 0 0 6000 0
M 39764 36387 36388 3000 500 36143 36145 3000 500 0 0 6000 0
M 39764 36387 36388 3000 500 36143 36145 3000 500 0 0 6000 0
M 40036 36516 36517 3000 500 36273 36273 3000 500 0 0 6000 0
M 40267 36643 36644 3000 500 36400 36402 3000 500 0 0 6000 0
M 40523 36772 36774 3000 500 36529 36530 3000 500 0 0 6000 0
M 40796 36901 36902 3000 500 36658 36659 3000 500 0 0 6000 0
M 40796 36901 36902 3000 500 36658 36659 3000 500 0 0 6000 0
M 41038 37029 37031 3000 500 36786 36788 3000 500 0 0 6000 0
M 41343 37141 37143 3000 417 36933 36933 3000 583 0 0 6000 0
M 41553 37248 37249 3000 417 37082 37082 3000 583 0 0 6000 0
M 41553 37248 37249 3000 417 37082 37082 3000 583 0 0 6000 0
M 41823 37354 37355 3000 417 37231 37233 3000 583 0 0 6000 0
M 42071 37462 37463 3000 417 37382 37382 3000 583 0 0 6000 0
M 42332 37568 37569 3000 417 37530 37529 3000 583 0 0 6000 0
M 42332 37568 37569 3000 417 37530 37529 3000 583 0 0 6000 0
M 42634 37660 37661 3000 334 37696 37681 3000 666 0 0 6000 0
M 42844 37746 37746 3000 334 37866 37826 3000 666 0 0 6000 0
M 43107 37831 37832 3000 334 38024 37975 3000 666 0 0 6000 0
M 43346 37926 37921 3000 500 38169 38125 3000 500 0 0 6000 0
M 43346 37926 37921 3000 500 38169 38125 3000 500 0 0 6000 0
M 43607 38055 38055 3000 500 38298 38281 3000 500 0 0 6000 0
M 43877 38182 38183 3000 500 38425 38428 3000 500 0 0 6000 0
M 44128 38295 38297 3000 417 38569 38567 3000 583 0 0 6000 0
M 44376 38402 38403 3000 417 38717 38720 3000 583 0 0 6000 0
M 44376 38402 38403 3000 417 38717 38720 3000 583 0 0 6000 0
M 44635 38509 38510 3000 417 38868 38870 3000 583 0 0 6000 0
M 44895 38617 38618 3000 417 39019 39019 3000 583 0 0 6000 0
M 45151 38724 38725 3000 417 39168 39169 3000 583 0 0 6000 0
M 45151 38724 38725 3000 417 39168 39169 3000 583 0 0 6000 0
M 45406 38831 38832 3000 417 39318 39317 3000 583 0 0 6000 0
M 45718 38937 38938 3000 417 39466 39469 3000 583 0 0 6000 0
M 45927 39046 39047 3000 417 39618 39619 3000 583 0 0 6000 0
M 46183 39151 39153 3000 417 39765 39768 3000 583 0 0 6000 0
M 46183 39151 39153 3000 417 39765 39768 3000 583 0 0 6000 0
M 46483 39259 39260 3000 417 39915 39917 3000 583 0 0 6000 0
M 46683 39367 39367 3000 417 40067 40067 3000 583 0 0 6000 0
M 46973 39475 39475 3000 417 40217 40218 3000 583 0 0 6000 0
M 46973 39475 39475 3000 417 40217 40218 3000 583 0 0 6000 0
M 47205 39581 39582 3000 417 40366 40365 3000 583 0 0 6000 0
M 47454 39688 39688 3000 417 40516 40517 3000 583 0 0 6000 0
M 47710 39796 39796 3000 417 40666 40666 3000 583 0 0 6000 0
M 47978 39902 39902 3000 417 40814 40814 3000 583 0 0 6000 0
M 47978 39902 39902 3000 417 40814 40814 3000 583 0 0 6000 0
M 48290 40016 40016 3000 500 40956 40959 3000 500 0 0 6000 0
M 48547 40145 40146 3000 500 41084 41086 3000 500 0 0 6000 0
M 48753 40274 40275 3000 500 41213 41214 3000 500 0 0 6000 0
M 48753 40274 40275 3000 500 41213 41214 3000 500 0 0 6000 0
M 49034 40402 40402 3000 500 41341 41343 3000 500 0 0 6000 0
M 49259 40530 40532 3000 500 41470 41471 3000 500 0 0 6000 0
M 49555 40659 40660 3000 500 41598 41600 3000 500 0 0 6000 0
M 49773 40789 40788 3000 500 41728 41729 3000 500 0 0 6000 0
M 49773 40789 40788 3000 500 41728 41729 3000 500 0 0 6000 0
M 50042 40898 40899 3000 417 41876 41876 3000 583 0 0 6000 0
M 50291 41003 41005 3000 417 42023 42026 3000 583 0 0 6000 0
M 50545 41111 41112 3000 417 42174 42173 3000 583 0 0 6000 0
M 50545 41111 41112 3000 417 42174 42173 3000 583 0 0 6000 0
M 50840 41219 41219 3000 417 42324 42325 3000 583 0 0 6000 0
M 51049 41334 41334 3000 500 42465 42466 3000 500 0 0 6000 0
M 51309 41463 41463 3000 500 42593 42594 3000 500 0 0 6000 0
M 51568 41590 41591 3000 500 42721 42721 3000 500 0 0 6000 0
M 51568 41590 41591 3000 500 42721 42721 3000 500 0 0 6000 0
M 51819 41718 41720 3000 500 42849 42850 3000 500 0 0 6000 0
M 52127 41847 41848 3000 500 42977 42979 3000 500 0 0 6000 0
M 52338 41975 41977 3000 500 43106 43107 3000 500 0 0 6000 0
M 52338 41975 41977 3000 500 43106 43107 3000 500 0 0 6000 0
M 52603 42106 42107 3000 500 43236 43237 3000 500 0 0 6000 0
M 52877 42233 42234 3000 500 43363 43365 3000 500 0 0 6000 0
M 53111 42361 42363 3000 500 43492 43493 3000 500 0 0 6000 0
M 53111 42361 42363 3000 500 43492 43493 3000 500 0 0 6000 0
M 53408 42490 42492 3000 500 43621 43622 3000 500 0 0 6000 0
M 53668 42619 42620 3000 500 43749 43751 3000 500 0 0 6000 0
M 53880 42747 42748 3000 500 43878 43878 3000 500 0 0 6000 0
M 54184 42871 42875 3000 329 44001 44006 3000 329 0 0 6000 0
M 54394 42889 42891 3000 0 44020 44021 3000 0 0 0 6000 0
M 54394 42889 42891 3000 0 44020 44021 3000 0 0 0 6000 0
M 54648 42889 42890 3000 0 44020 44019 3000 0 0 0 6000 0
M 54956 42889 42888 3000 0 44020 44020 3000 0 0 0 6000 0
M 55174 42889 42889 3000 0 44020 44019 3000 0 0 0 6000 0
M 55174 42889 42889 3000 0 44020 44019 3000 0 0 0 6000 0
M 55419 42889 42889 3000 0 44020 44019 3000 0 0 0 6000 0
M 55685 42889 42889 3000 0 44020 44020 3000 0 0 0 6000 0
